0.0684162
0.565676
0.754096
0.614254
0.51551
0.127531
0.28363
0.438951
0.209393
0.687408
0.520984
0.396519
0.781041
0.898362
0.411254
0.831012
0.684055
0.103702
0.468459
0.202373
0.507215
0.339857
0.598326
0.602811
0.504598
0.376415
0.223812
0.346871
0.743459
0.186095
0.0145325
0.734517
0.258046
0.517972
0.377695
0.735135
0.51319
0.909502
0.350442
0.783213
0.49652
0.896954
0.685077
0.371594
0.934022
0.927065
0.799263
0.793911
0.297173
0.259428
0.30719
0.121967
0.832319
0.297218
0.0814484
0.0779977
0.174966
0.0822008
0.571624
0.570008
0.459362
0.852572
0.517587
0.48208
0.0394633
0.463885
0.637207
0.233414
0.403726
0.0858494
0.679386
0.563457
0.688852
0.962347
0.0852555
0.163592
0.194384
0.47353
0.419354
0.225215
0.163191
0.588336
0.0253882
0.653453
0.771385
0.962441
0.942904
0.285055
0.550401
0.191784
0.951363
0.820741
0.54959
0.968493
0.171842
0.19617
0.904946
0.905566
0.98851
0.315158
0.0768757
0.143982
0.954121
0.45937
0.719147
0.653917
0.905011
0.889897
0.0245243
0.339139
0.916837
0.839539
0.384393
0.208925
0.333379
0.17594
0.757633
0.454254
0.470539
0.373214
0.556137
0.00718399
0.531375
0.223552
0.458703
0.917612
0.497162
0.656516
0.887581
0.978561
0.740649
0.362123
0.750276
0.932661
0.180351
0.171034
0.443872
0.534662
0.254612
0.938442
0.987843
0.555156
0.297391
0.107182
0.244572
0.931708
0.398249
0.608757
0.562875
0.145347
0.0355702
0.713122
0.851395
0.795766
0.22563
0.591965
0.18524
0.261461
0.913835
0.18152
0.357054
0.619304
0.744423
0.464389
0.786823
0.593648
0.742533
0.806691
0.950255
0.716304
0.0843593
0.456439
0.111224
0.55933
0.244308
0.495818
0.0371939
0.651038
0.109075
0.869107
0.366859
0.525566
0.983456
0.554977
0.535543
0.734954
0.631195
0.958563
0.417186
0.437019
0.239667
0.807928
0.768468
0.596632
0.345788
0.395518
0.996097
0.0375826
0.349434
0.167162
0.985291
0.244697
0.480085
0.15014
0.964865
0.808045
0.343585
0.690605
0.77122
0.00922983
0.00480068
0.964319
0.496854
0.367186
0.0195713
0.56759
0.698934
0.692261
0.159923
0.532657
0.919218
0.962536
0.300267
0.887842
0.948591
0.390066
0.761996
0.614953
0.592615
0.71193
0.0799156
0.844599
0.860541
0.550009
0.586975
0.982013
0.00304016
0.300075
0.330694
0.907638
0.252242
0.943853
0.146101
0.791169
0.66141
0.261349
0.52782
0.0564451
0.0764583
0.891045
0.913391
0.113767
0.952426
0.780911
0.881832
0.853749
0.296045
0.485729
0.867528
0.666175
0.655387
0.0727193
0.445889
0.211536
0.0533393
0.98159
0.729898
0.271887
0.666785
0.355806
0.769169
0.476029
0.44801
0.70585
0.385787
0.7463
0.892759
0.44703
0.887859
0.193863
0.482144
0.65104
0.360453
0.631121
0.140811
0.210892
0.45303
0.666178
0.508161
0.301829
0.766182
0.287915
0.840872
0.916644
0.14801
0.55176
0.327273
0.403236
0.959694
0.750355
0.204589
0.418322
0.239663
0.718588
0.669609
0.139782
0.350738
0.369518
0.750361
0.914366
0.126605
0.588032
0.574534
0.914154
0.269024
0.491471
0.138661
0.252266
0.406952
0.119683
0.605577
0.85508
0.645241
0.495075
0.915514
0.265022
0.196199
0.661819
0.96006
0.74302
0.669752
0.403213
0.858516
0.696304
0.0437674
0.71947
0.340227
0.366938
0.0345819
0.241649
0.894561
0.411932
0.843868
0.754658
0.87585
0.501017
0.485874
0.114656
0.632424
0.631073
0.598699
0.851108
0.926461
0.108795
0.300034
0.595836
0.117363
0.482672
0.442192
0.975383
0.94258
0.266586
0.294307
0.991148
0.0853494
0.992953
0.579205
0.0201694
0.300814
0.313307
0.798944
0.484749
0.89901
0.16741
0.908317
0.89772
0.850096
0.149161
0.664757
0.89633
0.628837
0.873055
0.565961
0.516255
0.352753
0.946616
0.507335
0.673079
0.297416
0.622462
0.192735
0.118423
0.70443
0.0228233
0.20531
0.521839
0.846336
0.792886
0.441914
0.529082
0.72229
0.994718
0.70412
0.402617
0.871353
0.493818
0.392877
0.656372
0.707245
0.959834
0.608349
0.585649
0.353598
0.77547
0.784332
0.348295
0.57123
0.126609
0.516288
0.21276
0.499123
0.857446
0.772197
0.475203
0.511255
0.0323338
0.536802
0.397868
0.119598
0.122516
0.361
0.488184
0.89283
0.646059
0.914842
0.648063
0.255351
0.0148046
0.118084
0.842334
0.700943
0.595626
0.0304925
0.38901
0.425466
0.852289
0.521996
0.426215
0.865118
0.818562
0.425647
0.072676
0.939514
0.205096
0.617114
0.0771637
0.613392
0.616902
0.318966
0.383593
0.834917
0.274949
0.942665
0.295181
0.393931
0.888302
0.286516
0.592283
0.358207
0.316111
0.599397
0.663538
0.600198
0.388377
0.741683
0.896055
0.816372
0.673601
0.709107
0.213321
0.194519
0.41438
0.684455
0.480881
0.551301
0.267434
0.272773
0.775277
0.255586
0.0078954
0.871127
0.676005
0.401558
0.455446
0.525158
0.863425
0.692222
0.988924
0.481661
0.364611
0.945818
0.510532
0.279175
0.746376
0.976076
0.383219
0.335122
0.114777
0.520746
0.974059
0.346827
0.802481
0.607904
0.79852
0.699523
0.868985
0.0846612
0.176361
0.644599
0.835289
0.669226
0.113208
0.561545
0.0392035
0.119767
0.512537
0.504502
0.599492
0.583433
0.593512
0.679493
0.169318
0.300681
0.0350326
0.881902
0.212358
0.579213
0.466843
0.385237
0.761408
0.837109
0.457461
0.792551
0.770125
0.925061
0.248175
0.458494
0.0225762
0.306593
0.371812
0.464099
0.397043
0.320418
0.81588
0.447287
0.0365577
0.249792
0.198924
0.925878
0.144916
0.572125
0.931147
0.484799
0.224729
0.289073
0.353561
0.640182
0.288822
0.577017
0.733695
0.765239
0.522353
0.240853
0.334315
0.500522
0.222501
0.849077
0.93285
0.138354
0.744818
0.865979
0.403084
0.732714
0.456052
0.132376
0.803102
0.569313
0.577113
0.44587
0.798165
0.82242
0.053146
0.999667
0.345121
0.310194
0.393452
0.869161
0.438911
0.386136
0.962065
0.265812
0.503856
0.376368
0.961941
0.321027
0.923098
0.408973
0.559951
0.465091
0.7477
0.924775
0.466473
0.674521
0.520922
0.395187
0.637625
0.807884
0.862045
0.119696
0.795746
0.451675
0.961128
0.511597
0.320528
0.236785
0.44259
0.519779
0.7462
0.314252
0.232782
0.374694
0.496327
0.554625
0.74178
0.168217
0.420307
0.100666
0.108127
0.093866
0.33427
0.199957
0.752099
0.349257
0.52197
0.102977
0.399836
0.702827
0.0333132
0.964844
0.798897
0.538731
0.786213
0.234077
0.246627
0.119633
0.33624
0.263614
0.647436
0.817564
0.555379
0.637039
0.184283
0.516461
0.553161
0.256011
0.297284
0.703613
0.926645
0.317574
0.52079
0.206423
0.185183
0.713043
0.519997
0.197905
0.807499
0.903032
0.151241
0.11037
0.796019
0.214072
0.206362
0.525859
0.569842
0.760323
0.546102
0.246635
0.262635
0.0536924
0.851568
0.55804
0.536065
0.344901
0.162928
0.705766
0.961217
0.944991
0.784459
0.192536
0.780119
0.596345
0.307659
0.671665
0.702622
0.304921
0.372948
0.683584
0.920054
0.717824
0.734477
0.547368
0.0969355
0.155746
0.799663
0.956971
0.729469
0.312955
0.613676
0.0240534
0.615018
0.220911
0.551671
0.453476
0.741449
0.288912
0.954665
0.0903616
0.106663
0.702448
0.689958
0.452575
0.76541
0.481396
0.835355
0.550767
0.360757
0.177962
0.153075
0.77349
0.915119
0.130273
0.621025
0.41194
0.63398
0.580652
0.666448
0.796601
0.748573
0.876019
0.945425
0.477733
0.0747789
0.967717
0.978663
0.35952
0.226568
0.869101
0.311238
0.263799
0.279738
0.487178
0.340452
0.737332
0.814768
0.735199
0.576438
0.951725
0.208088
0.0694512
0.408048
0.430377
0.0607826
0.256171
0.109282
0.0597216
0.632081
0.0616301
0.711772
0.741454
0.86815
0.157878
0.137761
0.516357
0.980769
0.607538
0.971798
0.524229
0.160704
0.278351
0.797153
0.838054
0.0911827
0.431284
0.357159
0.4513
0.350943
0.0814488
0.764468
0.972968
0.0758556
0.375254
0.495855
0.93296
0.349152
0.647521
0.426381
0.697218
0.885609
0.0224801
0.00912368
0.58355
0.941052
0.0486255
0.405453
0.159135
0.834313
0.226007
0.626867
0.64955
0.0754544
0.259303
0.576125
0.552101
0.570071
0.126037
0.822048
0.352813
0.785984
0.411033
0.129649
0.841901
0.601132
0.182099
0.797414
0.358416
0.950369
0.0727207
0.278362
0.725612
0.334674
0.979788
0.615931
0.559794
0.233535
0.81572
0.951758
0.754304
0.283969
0.677773
0.264198
0.273711
0.0466237
0.340553
0.135993
0.851648
0.644645
0.23413
0.364132
0.0862041
0.652054
0.699823
0.57728
0.0428287
0.0120148
0.624307
0.615053
0.772664
0.799261
0.26962
0.757211
0.835459
0.820958
0.434754
0.00894491
0.274474
0.202955
0.964648
0.555582
0.875179
0.191706
0.187134
0.886975
0.867303
0.539691
0.979172
0.27693
0.516811
0.156634
0.371419
0.332651
0.22966
0.467152
0.600969
0.790897
0.292784
0.465895
0.196531
0.93392
0.21192
0.430021
0.246732
0.0690323
0.27786
0.27441
0.776373
0.278188
0.544859
0.226984
0.922014
0.394851
0.666784
0.663145
0.187884
0.473662
0.77173
0.237775
0.236853
0.770761
0.500754
0.717349
0.329046
0.92275
0.266443
0.988844
0.425843
0.472767
0.738327
0.87438
0.390147
0.98108
0.265
0.770526
0.964621
0.721911
0.584052
0.164385
0.0581818
0.349277
0.56473
0.674642
0.285198
0.0863756
0.637044
0.381483
0.691837
0.484214
0.837272
0.881119
0.383902
0.565986
0.436482
0.328798
0.536776
0.540496
0.943304
0.591344
0.0459164
0.4747
0.0887984
0.807666
0.837767
0.755964
0.56699
0.0676806
0.850213
0.406313
0.567126
0.469003
0.837787
0.182819
0.828326
0.875544
0.0207639
0.958321
0.258751
0.326581
0.543793
0.873331
0.479023
0.986429
0.967348
0.335245
0.996149
0.320537
0.275831
0.369899
0.754294
0.704904
0.15147
0.557023
0.0649755
0.14138
0.808389
0.546728
0.26561
0.633562
0.0338053
0.0933658
0.924419
0.725185
0.562904
0.647957
0.397996
0.324507
0.976857
0.0642921
0.907657
0.159824
0.809806
0.309874
0.425906
0.762522
0.660339
0.579871
0.707997
0.452238
0.488236
0.868667
0.490088
0.995092
0.506006
0.676846
0.650641
0.477299
0.904626
0.59873
0.0107839
0.541393
0.307139
0.323946
0.630866
0.362348
0.582515
0.428477
0.0695936
0.180378
0.519529
0.937871
0.271521
0.103943
0.868028
0.24356
0.211403
0.183112
0.950755
0.852041
0.556637
0.0711118
0.388805
0.603467
0.435008
0.100636
0.409759
0.580938
0.922137
0.753385
0.752246
0.938895
0.130898
0.356177
0.63602
0.21887
0.199133
0.98871
0.835767
0.310359
0.573762
0.22897
0.983931
0.093362
0.389461
0.11784
0.0719959
0.671812
0.00643136
0.334814
0.793637
0.78255
0.419039
0.659942
0.46232
0.725213
0.961028
0.0452234
0.763496
0.429787
0.333078
0.256129
0.652052
0.0387327
0.996368
0.943225
0.469292
0.218121
0.570708
0.0884077
0.395064
0.782592
0.29528
0.479217
0.908022
0.543671
0.748237
0.972926
0.311463
0.124194
0.944713
0.369828
0.208806
0.45804
0.0667529
0.192698
0.0441754
0.805112
0.0101752
0.741497
0.306585
0.592579
0.285751
0.99249
0.504162
0.605764
0.981445
0.999543
0.170027
0.906205
0.720258
0.150885
0.111311
0.931364
0.796493
0.571981
0.157919
0.17283
0.621581
0.849939
0.100793
0.780615
0.486733
0.854906
0.968764
0.461408
0.603272
0.950606
0.928277
0.653446
0.928671
0.73402
0.935563
0.284518
0.0802064
0.0538855
0.723232
0.88792
0.381763
0.922106
0.0639049
0.797127
0.811218
0.607857
0.736075
0.209692
0.988923
0.681031
0.0565979
0.140815
0.502719
0.788578
0.0687503
0.911594
0.480372
0.179795
0.0665928
0.170191
0.543698
0.779455
0.588991
0.824983
0.348098
0.00326802
0.330293
0.313157
0.136218
0.160038
0.907371
0.0297432
0.458039
0.0753189
0.751255
0.684242
0.792832
0.342013
0.677819
0.319917
0.422739
0.630502
0.0454635
0.493877
0.378543
0.412412
0.0177038
0.692916
0.903722
0.958107
0.822341
0.814788
0.601701
0.832393
0.360561
0.562454
0.185398
0.558097
0.388876
0.659017
0.456156
0.188181
0.574458
0.854809
0.261862
0.980092
0.0372384
0.707483
0.177984
0.442921
0.808556
0.218487
0.779264
0.993312
0.654861
0.456849
0.772138
0.346198
0.917411
0.428188
0.601755
0.752527
0.610049
0.995553
0.359731
0.385516
0.330329
0.752151
0.0717387
0.38844
0.570488
0.00775298
0.379962
0.526873
0.37277
0.947137
0.2574
0.388602
0.104189
0.18733
0.933107
0.39251
0.417814
0.373665
0.582272
0.179321
0.95388
0.333524
0.914945
0.911111
0.607378
0.778408
0.069881
0.273754
0.347457
0.613198
0.111964
0.135085
0.23479
0.512212
0.0698559
0.36154
0.625948
0.340163
0.244786
0.805189
0.0257179
0.16373
0.175238
0.680396
0.754879
0.350548
0.569317
0.867645
0.486925
0.0305419
0.704502
0.494988
0.678075
0.115386
0.496128
0.524744
0.358966
0.0131214
0.949012
0.428815
0.856179
0.354249
0.447175
0.383727
0.883937
0.959727
0.0253809
0.32218
0.0219151
0.515898
0.358676
0.635903
0.581271
0.718083
0.539711
0.0673882
0.0275519
0.0437869
0.815081
0.574236
0.15856
0.393957
0.602826
0.226047
0.868237
0.747756
0.0582356
0.938635
0.413583
0.810629
0.10387
0.743825
0.494739
0.524275
0.717526
0.416152
0.386324
0.652534
0.765706
0.434543
0.433398
0.848408
0.600173
0.598076
0.804406
0.728723
0.779138
0.735071
0.670891
0.516671
0.199677
0.453505
0.4271
0.377225
0.0252001
0.509319
0.00926608
0.952555
0.723619
0.631897
0.277181
0.493603
0.291979
0.624879
0.197562
0.0375471
0.85506
0.522828
0.0893191
0.0765035
0.223927
0.840272
0.611909
0.653
0.862889
0.12806
0.0629809
0.619842
0.606721
0.5962
0.281915
0.0124408
0.53858
0.479893
0.730606
0.076677
0.991494
0.755384
0.057782
0.608821
0.85732
0.770121
0.931122
0.499618
0.373253
0.0854718
0.640387
0.368916
0.23461
0.362647
0.0795592
0.195803
0.967161
0.147364
0.985848
0.685807
0.82809
0.61428
0.642349
0.0681297
0.111962
0.579224
0.536495
0.781808
0.638994
0.334261
0.235472
0.672885
0.497302
0.151422
0.363375
0.890033
0.481656
0.299907
0.701924
0.525359
0.70976
0.314087
0.95315
0.525477
0.413447
0.807551
0.434987
0.714536
0.68029
0.775098
0.922022
0.345375
0.223449
0.353008
0.475559
0.846315
0.434566
0.444091
0.195642
0.459389
0.70828
0.84226
0.940867
0.16035
0.286918
0.295844
0.730062
0.389737
0.59472
0.49196
0.818131
0.590706
0.880604
0.218471
0.156116
0.370773
0.543224
0.364563
0.5359
0.0700939
0.119326
0.915561
0.344993
0.437997
0.234345
0.875789
0.654826
0.0736969
0.9077
0.470511
0.784864
0.106401
0.142812
0.558303
0.925314
0.719608
0.0414469
0.0838991
0.48178
0.210413
0.372642
0.124693
0.897986
0.449852
0.503569
0.538587
0.115042
0.849728
0.445755
0.543594
0.227378
0.0556707
0.563198
0.234955
0.72799
0.163533
0.213739
0.459852
0.905357
0.861149
0.78252
0.434148
0.911904
0.0528577
0.705689
0.552391
0.700768
0.45871
0.414512
0.489535
0.9995
0.259984
0.495543
0.496889
0.997057
0.118264
0.314103
0.363224
0.718887
0.831483
0.36929
0.583838
0.924172
0.894851
0.451049
0.455742
0.276876
0.717434
0.222518
0.792165
0.0305679
0.174155
0.746454
0.321349
0.968129
0.585758
0.0730852
0.628931
0.542333
0.905848
0.0190111
0.940539
0.981011
0.299336
0.288629
0.43445
0.236861
0.697333
0.190959
0.648958
0.0235978
0.381101
0.16983
0.550285
0.864984
0.753412
0.337445
0.755234
0.320396
0.17805
0.420378
0.241448
0.786971
0.641936
0.651947
0.551797
0.932932
0.688618
0.878887
0.0886061
0.376218
0.897629
0.751232
0.805765
0.119449
0.427687
0.146282
0.782652
0.907243
0.199989
0.00729541
0.8078
0.119498
0.924865
0.903835
0.0226669
0.569222
0.825633
0.609649
0.27351
0.0713012
0.775694
0.0598537
0.848024
0.438549
0.707186
0.0346713
0.333352
0.250004
0.095534
0.0565943
0.341143
0.642145
0.0453189
0.800983
0.343291
0.0892634
0.129718
0.707872
0.760086
0.389188
0.579471
0.249244
0.857752
0.179274
0.150945
0.902091
0.12782
0.942133
0.639029
0.785211
0.306475
0.542006
0.971191
0.309536
0.282926
0.246738
0.125088
0.733518
0.251128
0.721721
0.365571
0.452107
0.016184
0.981548
0.619709
0.239596
0.324322
0.16543
0.522808
0.251682
0.365676
0.374109
0.552665
0.957775
0.834545
0.670715
0.166038
0.0813055
0.769201
0.36812
0.557844
0.798348
0.133297
0.229803
0.778664
0.0227978
0.559345
0.0676539
0.676845
0.923905
0.854838
0.39263
0.269304
0.630995
0.804489
0.774532
0.500516
0.991709
0.80122
0.525189
0.946134
0.380899
0.876313
0.835798
0.0281263
0.370929
0.652925
0.955685
0.806018
0.493928
0.0988926
0.567704
0.286927
0.641964
0.401318
0.0564087
0.661006
0.287634
0.128824
0.984244
0.954594
0.682266
0.0271836
0.92244
0.463487
0.648862
0.796579
0.54744
0.458402
0.871284
0.138256
0.198676
0.631783
0.714595
0.263949
0.0430895
0.923727
0.97884
0.544791
0.293233
0.993416
0.0604846
0.450811
0.0621643
0.794073
0.374456
0.417113
0.894049
0.480722
0.771293
0.140933
0.725519
0.32183
0.299006
0.722485
0.917298
0.583331
0.275274
0.674351
0.633131
0.590264
0.794463
0.79837
0.781135
0.335506
0.813331
0.695762
0.829924
0.119193
0.512738
0.307667
0.566873
0.00483554
0.604381
0.769974
0.0512408
0.0447757
0.509181
0.717859
0.333684
0.549834
0.252591
0.129169
0.3337
0.69879
0.483101
0.290124
0.342467
0.0763597
0.991617
0.382614
0.723855
0.362675
0.0263783
0.328676
0.805784
0.209105
0.852005
0.679954
0.410624
0.351662
0.55178
0.462716
0.489293
0.142458
0.0496038
0.0904725
0.467313
0.865525
0.644334
0.152365
0.695534
0.205729
0.09236
0.207991
0.83175
0.13735
0.780631
0.245214
0.00351392
0.0364522
0.709108
0.551227
0.475519
0.0105603
0.89325
0.309806
0.144904
0.334017
0.765457
0.665359
0.276672
0.0247644
0.275845
0.780148
0.356122
0.764389
0.210911
0.844781
0.771277
0.275189
0.655553
0.695834
0.619102
0.314223
0.390291
0.831275
0.43582
0.322899
0.614992
0.179974
0.843742
0.934737
0.287187
0.658176
0.989595
0.599938
0.913798
0.817902
0.00286091
0.33694
0.507604
0.471081
0.408797
0.323321
0.198469
0.827451
0.602475
0.749786
0.276244
0.239334
0.380029
0.449609
0.760419
0.340804
0.219475
0.805951
0.389906
0.472771
0.513618
0.851059
0.69845
0.803311
0.454339
0.586686
0.579968
0.645339
0.119266
0.544876
0.0282792
0.71448
0.903014
0.784113
0.0837322
0.336202
0.945656
0.297268
0.739193
0.106891
0.421175
0.873995
0.716164
0.786822
0.0352036
0.0137986
0.142309
0.791044
0.741594
0.794937
0.486893
0.582556
0.990294
0.525909
0.107916
0.648676
0.270081
0.7895
0.434003
0.536942
0.415513
0.487861
0.543735
0.428886
0.725141
0.946221
0.23614
0.277616
0.715151
0.166867
0.825013
0.959495
0.325742
0.649615
0.245257
0.607941
0.47745
0.443911
0.285751
0.77532
0.448614
0.36306
0.195894
0.969163
0.398167
0.583196
0.201026
0.725088
0.230219
0.376854
0.742739
0.439325
0.760585
0.692707
0.0935485
0.656021
0.393028
0.54732
0.267457
0.856836
0.429876
0.962094
0.749511
0.567212
0.421119
0.839889
0.494246
0.0509245
0.779507
0.994762
0.341949
0.708398
0.934024
0.313141
0.915595
0.272577
0.375162
0.00802678
0.446405
0.810426
0.838179
0.526341
0.666511
0.553023
0.906238
0.441687
0.0653901
0.31849
0.189191
0.945055
0.888679
0.132312
0.379769
0.514893
0.0624094
0.529914
0.556948
0.262397
0.220588
0.960377
0.784903
0.807124
0.7107
0.904118
0.909508
0.857912
0.289723
0.722131
0.465582
0.49486
0.73497
0.8718
0.331086
0.107416
0.0938526
0.525377
0.0881833
0.268957
0.326848
0.920074
0.655321
0.744543
0.191152
0.197814
0.127824
0.710674
0.966302
0.832845
0.765492
0.642916
0.160665
0.528501
0.178471
0.418889
0.854542
0.416205
0.56043
0.223326
0.1456
0.775018
0.319805
0.579063
0.43881
0.663472
0.327726
0.0844364
0.252811
0.758337
0.630236
0.7963
0.569655
0.935484
0.615101
0.225487
0.371219
0.823164
0.255576
0.839336
0.382526
0.261113
0.290712
0.501696
0.676429
0.264968
0.112097
0.126762
0.227601
0.681919
0.477921
0.286711
0.00640374
0.68019
0.888088
0.512628
0.687404
0.822566
0.169265
0.177152
0.266243
0.766188
0.882867
0.718009
0.909062
0.630792
0.758584
0.311752
0.0977819
0.62838
0.900788
0.741672
0.775306
0.749786
0.52134
0.494235
0.920308
0.161712
0.317016
0.907273
0.056301
0.800312
0.298538
0.151498
0.899238
0.468334
0.617429
0.920604
0.304657
0.619763
0.129545
0.720188
0.178063
0.9437
0.167442
0.436464
0.97393
0.75469
0.37012
0.00478147
0.702297
0.228491
0.0489093
0.143603
0.603877
0.240564
0.044214
0.30635
0.799665
0.139137
0.964765
0.821635
0.801804
0.112797
0.761627
0.156782
0.527972
0.557724
0.56871
0.585156
0.655199
0.58275
0.617384
0.521406
0.182989
0.664791
0.853183
0.163683
0.987821
0.0660393
0.168654
0.559713
0.375843
0.179863
0.107372
0.0776662
0.96721
0.581835
0.801598
0.617776
0.625998
0.320918
0.793038
0.772065
0.599289
0.0924607
0.641237
0.65469
0.590463
0.772046
0.268895
0.271904
0.252733
0.476239
0.294143
0.156962
0.344693
0.903988
0.401241
0.756959
0.113141
0.564298
0.0756732
0.492327
0.971242
0.42139
0.753777
0.527196
0.371788
0.0417765
0.716582
0.537945
0.0930393
0.413981
0.422443
0.845699
0.985983
0.0957912
0.231559
0.830178
0.815977
0.225025
0.404897
0.995628
0.848184
0.391258
0.449253
0.657395
0.644291
0.242024
0.821692
0.00670205
0.214139
0.362457
0.179275
0.81253
0.831695
0.128482
0.604936
0.925372
0.0633901
0.212479
0.124211
0.283271
0.0223469
0.630186
0.877842
0.415401
0.426033
0.613001
0.714214
0.653032
0.730095
0.870415
0.556716
0.312837
0.179208
0.416565
0.144039
0.637053
0.123165
0.234323
0.0350139
0.133865
0.350685
0.399428
0.59366
0.369212
0.724634
0.664206
0.04029
0.992469
0.13066
0.440171
0.229266
0.882071
0.456305
0.204609
0.294377
0.0702622
0.6076
0.348764
0.190048
0.217095
0.053478
0.612381
0.232787
0.558725
0.937104
0.916853
0.079982
0.694574
0.0314591
0.480314
0.00140107
0.840881
0.386332
0.669084
0.460707
0.409403
0.83795
0.475544
0.699283
0.595041
0.43411
0.895197
0.67948
0.890026
0.830424
0.828506
0.363109
0.441587
0.223841
0.734742
0.908935
0.5572
0.705236
0.743901
0.396765
0.0414495
0.959433
0.951735
0.252031
0.439985
0.00483812
0.923251
0.562804
0.933187
0.683024
0.7852
0.783178
0.778465
0.800628
0.458562
0.850836
0.883344
0.451573
0.984961
0.748844
0.0311148
0.577978
0.00259437
0.154032
0.494404
0.419893
0.592592
0.764848
0.0773669
0.820769
0.931187
0.513101
0.935532
0.17982
0.895837
0.952603
0.564513
0.0366269
0.735925
0.903899
0.193371
0.449795
0.55508
0.852627
0.987138
0.701372
0.217092
0.78234
0.583543
0.301454
0.586335
0.213229
0.122048
0.690441
0.724173
0.555721
0.415421
0.918579
0.755529
0.693996
0.219559
0.458282
0.590966
0.964447
0.81222
0.184774
0.139595
0.135245
0.232827
0.209761
0.782163
0.901868
0.876064
0.292339
0.485562
0.821865
0.111592
0.636121
0.499017
0.291136
0.202685
0.755339
0.3228
0.551391
0.334351
0.809604
0.438085
0.444877
0.21266
0.588741
0.241533
0.497332
0.914294
0.592734
0.383405
0.00974677
0.841848
0.619371
0.191694
0.818113
0.239779
0.268001
0.226333
0.0893876
0.383462
0.257566
0.123479
0.23892
0.91609
0.687946
0.459258
0.216805
0.0294716
0.876262
0.116221
0.949223
0.433264
0.97365
0.273588
0.52067
0.0893565
0.0287183
0.756282
0.507259
0.651088
0.916658
0.4288
0.755005
0.131917
0.0629668
0.812306
0.883902
0.367058
0.736041
0.4105
0.254046
0.40963
0.1668
0.269091
0.17123
0.769262
0.126169
0.744296
0.890491
0.482836
0.872026
0.08108
0.0187282
0.648817
0.00795706
0.782739
0.787927
0.231933
0.253104
0.514875
0.877355
0.314705
0.75342
0.892431
0.58264
0.702418
0.0545628
0.970817
0.276828
0.347124
0.593241
0.335067
0.0872947
0.256905
0.980448
0.131386
0.902297
0.318727
0.697828
0.150463
0.574233
0.0720572
0.0715842
0.0113936
0.0847912
0.0894343
0.498931
0.910569
0.42813
0.918115
0.405455
0.199085
0.860582
0.5088
0.899881
0.679272
0.390458
0.198139
0.532988
0.177364
0.824211
0.00711523
0.104318
0.0126444
0.0604722
0.306973
0.690654
0.765984
0.528972
0.0776966
0.923105
0.847033
0.764168
0.889297
0.108134
0.0795343
0.890519
0.620204
0.316186
0.601088
0.463356
0.121418
0.200416
0.218592
0.381657
0.396879
0.348202
0.286357
0.504063
0.429531
0.740736
0.36595
0.82024
0.243872
0.242027
0.472691
0.912446
0.171499
0.755093
0.553985
0.710131
0.891301
0.0847599
0.0589317
0.599027
0.364202
0.547709
0.784826
0.00878521
0.618639
0.620023
0.199254
0.651106
0.776265
0.804163
0.891305
0.319206
0.842328
0.8967
0.137855
0.708043
0.864696
0.201246
0.261203
0.730113
0.930233
0.941801
0.995185
0.675142
0.185769
0.529959
0.828575
0.433428
0.416461
0.992575
0.31586
0.910397
0.979327
0.505226
0.594093
0.513236
0.346805
0.447085
0.120497
0.837156
0.0870418
0.448044
0.300702
0.861694
0.194355
0.140587
0.920224
0.0401247
0.895648
0.0814306
0.656593
0.95741
0.694274
0.112322
0.210335
0.490534
0.140564
0.307138
0.918765
0.845776
0.563336
0.232363
0.480041
0.784769
0.588299
0.976247
0.953665
0.315105
0.0131472
0.735354
0.0558091
0.411043
0.558246
0.259224
0.183801
0.871453
0.881326
0.078042
0.573194
0.168335
0.512599
0.0651671
0.341162
0.442706
0.635522
0.157194
0.154755
0.462536
0.701121
0.803026
0.463796
0.151607
0.786272
0.6323
0.368354
0.289547
0.460069
0.290029
0.0676072
0.927113
0.81676
0.833841
0.0171028
0.663192
0.860505
0.576521
0.441608
0.14748
0.642749
0.177668
0.166307
0.93073
0.737458
0.287992
0.863558
0.491141
0.536276
0.396463
0.0676599
0.329187
0.220166
0.0730043
0.633609
0.962954
0.875727
0.295286
0.168003
0.209185
0.33675
0.905247
0.297372
0.134848
0.516484
0.928751
0.481416
0.708789
0.294116
0.40311
0.952295
0.969616
0.038478
0.651304
0.675858
0.144636
0.52264
0.334032
0.290604
0.102056
0.220389
0.122495
0.813748
0.184817
0.793004
0.676437
0.803395
0.338395
0.55274
0.855114
0.583622
0.0712791
0.944835
0.588511
0.0847172
0.644184
0.147067
0.908066
0.030244
0.760817
0.38978
0.184355
0.479686
0.260032
0.901435
0.531178
0.965531
0.435818
0.855096
0.522819
0.810105
0.886022
0.561551
0.627689
0.012571
0.166863
0.661218
0.986781
0.0441686
0.40339
0.842627
0.794089
0.0865232
0.812903
0.764234
0.920857
0.729593
0.666223
0.927566
0.158576
0.572488
0.0578347
0.231675
0.344415
0.958597
0.407903
0.999263
0.536878
0.172713
0.903914
0.562216
0.226786
0.196577
0.71256
0.368937
0.37031
0.193203
0.781701
0.60043
0.234204
0.0543218
0.403803
0.803662
0.945566
0.227399
0.581086
0.170866
0.629587
0.58795
0.889714
0.481815
0.166838
0.94042
0.185289
0.995232
0.757921
0.818016
0.590666
0.958819
0.111425
0.660989
0.609753
0.589671
0.0435935
0.921116
0.275057
0.309641
0.754141
0.0200037
0.931163
0.978509
0.661303
0.305606
0.852777
0.303066
0.332816
0.0901139
0.898169
0.683935
0.287563
0.30713
0.826611
0.329764
0.928706
0.125597
0.882042
0.663939
0.361479
0.220824
0.0793089
0.786778
0.297435
0.0548292
0.00535086
0.160916
0.357739
0.577974
0.00091041
0.976218
0.139015
0.0711205
0.105297
0.0258456
0.540915
0.277853
0.285226
0.893183
0.141227
0.391503
0.125111
0.626415
0.0840385
0.0643508
0.397605
0.789821
0.233035
0.844039
0.261228
0.492909
0.300155
0.426442
0.830054
0.962945
0.584292
0.504127
0.852084
0.861817
0.401571
0.0362597
0.141093
0.318861
0.678453
0.975689
0.709171
0.151468
0.757357
0.205236
0.753
0.317162
0.456214
0.966539
0.320217
0.328786
0.843511
0.106474
0.0310115
0.887959
0.310305
0.31103
0.328377
0.361471
0.415661
0.953585
0.62884
0.556974
0.496498
0.83737
0.727343
0.126653
0.997436
0.21324
0.895252
0.570812
0.40565
0.0136284
0.65999
0.693498
0.473304
0.195519
0.24559
0.178516
0.025403
0.232026
0.520761
0.618318
0.566261
0.937886
0.584633
0.874822
0.743682
0.193076
0.439984
0.79713
0.619832
0.957295
0.780997
0.447989
0.375175
0.854943
0.016324
0.226665
0.991121
0.599945
0.912771
0.284331
0.0738626
0.537389
0.890859
0.459764
0.874985
0.482288
0.601325
0.11399
0.986729
0.481805
0.727966
0.560072
0.467268
0.638155
0.889328
0.549985
0.164739
0.560286
0.415352
0.320883
0.76603
0.721721
0.594874
0.486596
0.320804
0.377085
0.114368
0.217591
0.994478
0.896747
0.933866
0.574777
0.800843
0.54364
0.603614
0.629322
0.42211
0.0500524
0.531397
0.322831
0.203626
0.399574
0.0355594
0.705578
0.463467
0.520426
0.465802
0.370549
0.76163
0.751822
0.277825
0.212034
0.139658
0.290361
0.504318
0.117765
0.018572
0.795642
0.588557
0.0966667
0.960863
0.00551259
0.611392
0.1137
0.776888
0.687331
0.92215
0.744733
0.534481
0.339199
0.250388
0.171507
0.786625
0.349157
0.475215
0.286983
0.536868
0.404927
0.87404
0.726283
0.0501399
0.122315
0.304079
0.251503
0.645551
0.967069
0.439485
0.856794
0.892064
0.452393
0.741211
0.432299
0.847549
0.375697
0.725606
0.154137
0.791431
0.878213
0.251906
0.00856676
0.759435
0.0440144
0.855251
0.730338
0.581832
0.591653
0.927964
0.902204
0.342941
0.253367
0.355259
0.966367
0.773098
0.638101
0.141444
0.159517
0.555869
0.742176
0.742452
0.0423698
0.657906
0.437974
0.890528
0.520375
0.745618
0.424255
0.295498
0.432156
0.555793
0.334622
0.236628
0.572306
0.703725
0.494653
0.448566
0.60816
0.691286
0.464145
0.256696
0.963259
0.910663
0.0735045
0.876237
0.76848
0.983257
0.439452
0.536007
0.120243
0.665907
0.125337
0.566911
0.335521
0.638599
0.394608
0.695891
0.398864
0.672563
0.758959
0.087928
0.419635
0.579091
0.041254
0.521859
0.744542
0.726157
0.0143057
0.751671
0.964337
0.433158
0.435539
0.00864221
0.322742
0.192994
0.13073
0.351836
0.246072
0.878178
0.054684
0.318225
0.149825
0.0517941
0.803153
0.556804
0.300496
0.218597
0.0712273
0.373374
0.886433
0.412654
0.903301
0.936339
0.445534
0.558709
0.390465
0.775699
0.93995
0.928422
0.456719
0.0865158
0.303572
0.851086
0.420143
0.833473
0.407538
0.0762871
0.402401
0.834397
0.948811
0.0161532
0.0441327
0.402124
0.123295
0.267919
0.177759
0.458955
0.891016
0.199121
0.0583652
0.371854
0.345344
0.215
0.130889
0.00468744
0.138299
0.768882
0.377598
0.424846
0.4395
0.133842
0.637504
0.386582
0.970194
0.322066
0.990433
0.523194
0.825019
0.494431
0.647585
0.211845
0.591368
0.373754
0.511025
0.476202
0.109918
0.656796
0.306521
0.402504
0.391298
0.28845
0.914688
0.392916
0.480115
0.851447
0.830571
0.23007
0.513851
0.14609
0.585331
0.946578
0.468787
0.435561
0.16746
0.27754
0.216061
0.0320386
0.520147
0.606169
0.563135
0.603984
0.733321
0.412832
0.574113
0.961463
0.810392
0.869618
0.840292
0.967246
0.16036
0.966568
0.199911
0.21401
0.0590294
0.532312
0.403724
0.470797
0.178958
0.113322
0.492275
0.574333
0.0886841
0.641034
0.00984092
0.0362049
0.0708531
0.640268
0.907766
0.923413
0.655936
0.568754
0.847622
0.586781
0.970957
0.488343
0.565789
0.963724
0.0027312
0.968142
0.776199
0.93557
0.817392
0.101379
0.266811
0.335752
0.966274
0.892384
0.735389
0.453161
0.557223
0.921954
0.626187
0.271071
0.68803
0.156353
0.891251
0.0597439
0.26337
0.933807
0.53332
0.947194
0.769102
0.341638
0.257851
0.710154
0.897245
0.698112
0.852747
0.106828
0.631129
0.183221
0.495579
0.334942
0.886829
0.759227
0.748744
0.315727
0.232195
0.523153
0.89775
0.999175
0.874944
0.0390678
0.0234766
0.290287
0.196785
0.567809
0.224804
0.173924
0.684482
0.764239
0.413302
0.954898
0.202923
0.424878
0.117407
0.474278
0.898543
0.674543
0.784518
0.745972
0.890084
0.372644
0.923305
0.566893
0.161997
0.575887
0.106489
0.275072
0.194631
0.116206
0.832339
0.707878
0.143171
0.480035
0.532075
0.170169
0.646351
0.958483
0.211341
0.745216
0.329474
0.667047
0.409698
0.33207
0.381996
0.731162
0.859968
0.800912
0.263864
0.0956533
0.569041
0.304872
0.64905
0.98729
0.993102
0.228538
0.649748
0.444935
0.487206
0.816451
0.691143
0.785163
0.812445
0.925026
0.457209
0.659937
0.164792
0.345899
0.621642
0.0664427
0.0387441
0.364513
0.85029
0.0595393
0.152429
0.138222
0.404141
0.126955
0.45009
0.184989
0.866153
0.702572
0.393648
0.912191
0.313756
0.854205
0.221393
0.679512
0.560064
0.642779
0.893315
0.392312
0.239092
0.328098
0.482044
0.0999027
0.311967
0.927327
0.345211
0.480907
0.854305
0.350258
0.340395
0.583381
0.942128
0.161753
0.0417449
0.656471
0.691861
0.642983
0.982162
0.507309
0.581263
0.818787
0.0730618
0.246426
0.0554062
0.296646
0.563405
0.023059
0.902196
0.481315
0.878213
0.386548
0.968352
0.597256
0.0267329
0.335973
0.961127
0.14807
0.759786
0.453795
0.511217
0.407831
0.693347
0.0369951
0.0509064
0.0105683
0.828219
0.747633
0.500221
0.33088
0.398598
0.144087
0.613395
0.694447
0.848811
0.44644
0.679224
0.900133
0.923248
0.893054
0.941903
0.737467
0.979209
0.344375
0.959498
0.441742
0.313866
0.616306
0.231202
0.0557214
0.0320447
0.372242
0.712125
0.514129
0.911461
0.713541
0.669043
0.179658
0.460316
0.609782
0.916397
0.233224
0.330775
0.130519
0.523797
0.720923
0.704557
0.382669
0.310586
0.88802
0.141161
0.0688316
0.842577
0.442295
0.468266
0.700188
0.449617
0.969467
0.415465
0.339546
0.648564
0.58858
0.389041
0.5713
0.858371
0.809654
0.618244
0.227815
0.619581
0.801289
0.988484
0.834187
0.153365
0.940372
0.643328
0.824854
0.0313528
0.211815
0.884667
0.078264
0.133035
0.0639844
0.19936
0.395001
0.161968
0.0491257
0.0610318
0.807319
0.240913
0.942359
0.42628
0.373871
0.401776
0.00168534
0.879054
0.555617
0.729917
0.313175
0.439601
0.59874
0.480516
0.765047
0.612948
0.000402337
0.893357
0.3554
0.730337
0.848667
0.457791
0.772598
0.597192
0.517709
0.139128
0.937762
0.116892
0.267472
0.835157
0.735353
0.63974
0.655071
0.970234
0.0599992
0.840508
0.336856
0.00463652
0.352797
0.298929
0.811754
0.713192
0.32853
0.0596946
0.457732
0.932645
0.060274
0.3858
0.0752594
0.919697
0.170413
0.908465
0.0167946
0.262618
0.171017
0.744852
0.570886
0.145572
0.936684
0.244766
0.698049
0.0105487
0.680734
0.0143772
0.358256
0.850434
0.976462
0.11533
0.777882
0.989324
0.974238
0.98718
0.979478
0.520795
0.070554
0.154217
0.0350471
0.329064
0.37531
0.233002
0.506886
0.711703
0.781003
0.995633
0.850122
0.0474679
0.844662
0.942027
0.489027
0.773722
0.239285
0.420617
0.291087
0.957615
0.366045
0.304578
0.555421
0.288858
0.768785
0.664692
0.90596
0.0729446
0.324505
0.831378
0.138608
0.29438
0.800923
0.612051
0.807953
0.229173
0.102591
0.317074
0.363815
0.911598
0.0268535
0.575041
0.712237
0.188939
0.104663
0.591859
0.403426
0.485506
0.481306
0.280345
0.0251724
0.308028
0.337397
0.31467
0.708012
0.734968
0.875553
0.148927
0.671321
0.6826
0.688652
0.80757
0.125155
0.865119
0.980638
0.92966
0.386617
0.358602
0.739931
0.77507
0.771534
0.683912
0.352344
0.152732
0.325784
0.517867
0.437782
0.00576877
0.452038
0.00846468
0.586001
0.24895
0.123771
0.0102865
0.841595
0.425435
0.422854
0.592927
0.881865
0.297346
0.0487018
0.964362
0.909183
0.546379
0.428695
0.847051
0.947064
0.00941239
0.342627
0.455999
0.98136
0.690829
0.390334
0.0772174
0.532439
0.509195
0.84496
0.229044
0.951495
0.846748
0.17496
0.020353
0.658082
0.698761
0.793404
0.673611
0.138771
0.0307649
0.104784
0.245124
0.647037
0.120591
0.388013
0.359441
0.65795
0.406319
0.627148
0.285544
0.395779
0.686667
0.27285
0.614971
0.14237
0.912735
0.648743
0.626835
0.378456
0.435001
0.524679
0.763177
0.121939
0.800531
0.510771
0.949566
0.642617
0.677117
0.0189458
0.177096
0.633938
0.614998
0.505692
0.884043
0.413397
0.779074
0.413336
0.440074
0.00903789
0.987337
0.0857512
0.614727
0.865801
0.219427
0.957217
0.266095
0.798222
0.178587
0.0890953
0.395063
0.557838
0.398994
0.681997
0.310963
0.663857
0.497844
0.711799
0.849441
0.156766
0.759284
0.86668
0.0179989
0.488628
0.157348
0.947791
0.873688
0.911292
0.648246
0.118707
0.00523546
0.942549
0.00619621
0.678234
0.321587
0.829693
0.0455348
0.907943
0.0364976
0.751053
0.906019
0.455864
0.536185
0.299103
0.972386
0.0849532
0.287816
0.504945
0.443252
0.223243
0.0059883
0.60814
0.477289
0.257335
0.404966
0.682246
0.909085
0.310901
0.397631
0.264126
0.175605
0.980045
0.763308
0.846882
0.558075
0.476921
0.286561
0.170396
0.427443
0.827393
0.189736
0.0827538
0.0695985
0.0533263
0.178728
0.0866894
0.410801
0.8082
0.789708
0.00928968
0.229561
0.384652
0.839551
0.9642
0.277456
0.948244
0.432767
0.542548
0.381829
0.0212997
0.24175
0.460837
0.718136
0.696491
0.19277
0.854911
0.343466
0.128758
0.674159
0.352757
0.0860836
0.540524
0.0521261
0.0631343
0.351902
0.297321
0.944903
0.926058
0.203077
0.503556
0.680409
0.222544
0.206671
0.467798
0.456786
0.07685
0.96392
0.766369
0.372719
0.98717
0.89921
0.322351
0.13659
0.224918
0.838245
0.258866
0.626579
0.150638
0.501272
0.548838
0.813975
0.0636965
0.6063
0.442323
0.452497
0.813898
0.38078
0.765323
0.258715
0.741521
0.78369
0.305302
0.287396
0.154652
0.899711
0.710855
0.790703
0.475168
0.501956
0.456722
0.787061
0.226097
0.520138
0.925552
0.718124
0.161027
0.159453
0.758882
0.862126
0.97809
0.389744
0.473177
0.193175
0.692289
0.548433
0.338826
0.644345
0.00895785
0.829674
0.174851
0.101195
0.72789
0.371573
0.799013
0.248173
0.914501
0.487888
0.778831
0.495438
0.940836
0.522038
0.835962
0.244664
0.826705
0.427206
0.49981
0.176102
0.819674
0.889266
0.384703
0.909147
0.270082
0.794012
0.588917
0.523382
0.80663
0.610534
0.119699
0.859902
0.150502
0.993938
0.226079
0.706187
0.242658
0.885454
0.209124
0.473409
0.869427
0.54676
0.181697
0.21021
0.635493
0.512576
0.580303
0.409552
0.786875
0.644101
0.0679863
0.590389
0.426247
0.475842
0.357123
0.506107
0.911333
0.680996
0.34281
0.00127142
0.0233712
0.801021
0.00193841
0.625507
0.618871
0.619341
0.606206
0.987576
0.222231
0.936306
0.665014
0.679168
0.844906
0.746429
0.475451
0.109388
0.16444
0.556187
0.553538
0.345118
0.97384
0.653513
0.852188
0.269818
0.00940787
0.957736
0.847635
0.303863
0.156455
0.690813
0.536247
0.931564
0.0114933
0.174774
0.791461
0.715682
0.970859
0.407971
0.753121
0.765498
0.169355
0.774638
0.802739
0.662892
0.32211
0.120619
0.746819
0.224168
0.28322
0.00551054
0.522213
0.937744
0.550638
0.62399
0.121472
0.326933
0.269978
0.319571
0.29603
0.636095
0.0207346
0.761543
0.87784
0.970013
0.411332
0.429302
0.306718
0.864249
0.977057
0.627549
0.66016
0.753517
0.091615
0.122932
0.914999
0.57636
0.970478
0.0247809
0.345373
0.925993
0.0572444
0.276512
0.0247003
0.323493
0.219317
0.53663
0.136859
0.701862
0.882072
0.310327
0.340535
0.739742
0.852837
0.56683
0.0735778
0.602689
0.887965
0.14727
0.817016
0.74414
0.333102
0.557069
0.884849
0.274435
0.094601
0.339404
0.308273
0.0693388
0.974816
0.316672
0.754794
0.0255517
0.145669
0.393824
0.791069
0.630348
0.640098
0.503056
0.35479
0.297395
0.831958
0.233484
0.290325
0.240283
0.772253
0.120439
0.698733
0.786824
0.530754
0.408964
0.818855
0.271545
0.299317
0.409883
0.213345
0.0324291
0.092272
0.930392
0.869227
0.701769
0.678752
0.764232
0.463665
0.963312
0.86216
0.872129
0.341553
0.176643
0.565201
0.663287
0.801877
0.613194
0.0161243
0.0508733
0.452901
0.904583
0.243005
0.929961
0.95985
0.231955
0.125097
0.427088
0.711344
0.282732
0.37246
0.616686
0.0401863
0.471725
0.197786
0.191819
0.450923
0.641087
0.721832
0.936885
0.104553
0.499474
0.261191
0.176093
0.370932
0.522979
0.983159
0.532381
0.12188
0.260915
0.300944
0.0503083
0.241342
0.258342
0.821928
0.2869
0.633501
0.326444
0.529317
0.913068
0.35643
0.168516
0.799279
0.398835
0.606482
0.138429
0.411676
0.443605
0.848441
0.193942
0.589928
0.0165701
0.520621
0.932256
0.305698
0.254331
0.532971
0.201874
0.123647
0.707956
0.563667
0.720759
0.962521
0.592967
0.293078
0.242885
0.501962
0.170939
0.109267
0.559163
0.595396
0.130909
0.524404
0.435652
0.800686
0.543781
0.454264
0.31713
0.850628
0.994699
0.959654
0.328919
0.300278
0.697267
0.78252
0.479866
0.743925
0.392716
0.595308
0.264439
0.502154
0.932177
0.965713
0.878126
0.908715
0.508324
0.937684
0.682192
0.499336
0.451691
0.68046
0.511624
0.39163
0.317608
0.0787771
0.789127
0.690276
0.899976
0.495022
0.600803
0.858847
0.148569
0.251944
0.912822
0.115372
0.447646
0.19561
0.164596
0.129301
0.300406
0.219502
0.213907
0.945215
0.240951
0.487548
0.586223
0.16187
0.490529
0.739337
0.523619
0.969287
0.374904
0.97214
0.508533
0.603116
0.855823
0.826251
0.873273
0.0397935
0.953404
0.762453
0.518883
0.93441
0.135747
0.614984
0.775234
0.696915
0.27789
0.985057
0.181554
0.509788
0.72896
0.0786835
0.19102
0.92714
0.890266
0.549421
0.237009
0.552301
0.827542
0.920724
0.798106
0.33874
0.242099
0.0990415
0.927362
0.133521
0.872946
0.522656
0.935855
0.335981
0.0103542
0.77359
0.049794
0.713016
0.439639
0.535047
0.271471
0.305651
0.399627
0.207816
0.922661
0.528314
0.34635
0.897108
0.757377
0.381537
0.0289073
0.0815907
0.341303
0.347462
0.36608
0.860387
0.56621
0.996498
0.980955
0.196444
0.540143
0.898244
0.281385
0.335785
0.535878
0.118122
0.216443
0.427358
0.72074
0.72986
0.714171
0.317078
0.982986
0.235739
0.61772
0.330923
0.246962
0.132809
0.522808
0.567537
0.719931
0.919038
0.526504
0.501931
0.695891
0.299004
0.266972
0.906898
0.162106
0.188619
0.357284
0.834519
0.310948
0.457792
0.156404
0.714015
0.0822824
0.726934
0.897393
0.574247
0.200699
0.261677
0.481094
0.872182
0.350231
0.688004
0.896167
0.544473
0.022971
0.787417
0.971222
0.363989
0.16529
0.762734
0.330548
0.865171
0.0148624
0.780953
0.771205
0.0991825
0.66954
0.770285
0.346856
0.456372
0.961618
0.964022
0.836855
0.374847
0.954678
0.884318
0.979682
0.0338365
0.880376
0.176199
0.152738
0.268023
0.176676
0.318362
0.272948
0.172284
0.436106
0.471876
0.00625389
0.0928411
0.992227
0.0572029
0.562581
0.957674
0.697259
0.530088
0.926146
0.291455
0.393879
0.503085
0.806684
0.0516778
0.124674
0.981179
0.799303
0.956696
0.607817
0.372791
0.714202
0.65721
0.335335
0.670654
0.0357736
0.0244448
0.872961
0.906229
0.552309
0.665314
0.557222
0.636306
0.44324
0.169047
0.194369
0.879324
0.50537
0.116297
0.834025
0.778789
0.859948
0.676812
0.058486
0.799633
0.12356
0.128937
0.937985
0.654149
0.64061
0.578869
0.997663
0.283301
0.25018
0.201101
0.0771417
0.0994736
0.225691
0.072777
0.557319
0.38841
0.886112
0.728105
0.220258
0.164703
0.746283
0.789833
0.709028
0.560379
0.337169
0.884055
0.737713
0.452628
0.876982
0.732191
0.774333
0.745231
0.987337
0.0570086
0.526216
0.696566
0.647021
0.0291757
0.684434
0.4878
0.939807
0.694038
0.144098
0.550959
0.040662
0.0687573
0.79803
0.807602
0.854418
0.93843
0.541821
0.99755
0.0349309
0.523017
0.755187
0.27746
0.021809
0.781897
0.349956
0.992588
0.248949
0.695095
0.498874
0.191597
0.892959
0.990435
0.511322
0.248471
0.531156
0.906576
0.320321
0.000884471
0.50017
0.583539
0.753915
0.550583
0.637814
0.148985
0.798957
0.390302
0.013605
0.0792818
0.678802
0.41833
0.464577
0.989668
0.347178
0.0904985
0.473353
0.170912
0.246822
0.936545
0.418324
0.0995095
0.641917
0.638366
0.373827
0.703342
0.629254
0.748804
0.0725971
0.552529
0.187214
0.34677
0.629259
0.464044
0.994635
0.840048
0.881789
0.143806
0.513321
0.0551299
0.0354279
0.840733
0.313261
0.574284
0.756625
0.295203
0.470463
0.0702753
0.158881
0.300041
0.00713439
0.523857
0.641839
0.149717
0.845037
0.532594
0.62094
0.329916
0.218794
0.832748
0.924442
0.87009
0.926825
0.427938
0.805572
0.673936
0.698474
0.723268
0.383247
0.825488
0.504718
0.829504
0.67119
0.631921
0.0589555
0.761352
0.570787
0.643732
0.619607
0.638808
0.316319
0.142849
0.677102
0.506856
0.384585
0.282171
0.397547
0.453864
0.862436
0.776229
0.210024
0.971944
0.346204
0.314832
0.866169
0.398341
0.0234645
0.376067
0.39439
0.633666
0.156308
0.941107
0.349107
0.289341
0.586194
0.369507
0.0592705
0.35978
0.395501
0.532779
0.971446
0.502265
0.592719
0.489956
0.11523
0.10497
0.83984
0.664164
0.847183
0.913524
0.690618
0.407774
0.713909
0.329096
0.969928
0.91597
0.948395
0.299065
0.8527
0.912941
0.262143
0.902317
0.978826
0.977434
0.412963
0.781117
0.889916
0.483945
0.35306
0.66401
0.753481
0.566205
0.103978
0.509387
0.0761647
0.8087
0.975902
0.569503
0.888431
0.108484
0.459423
0.861163
0.753852
0.375336
0.0816265
0.257267
0.191589
0.199256
0.955199
0.812508
0.94322
0.92939
0.75782
0.911208
0.508978
0.623591
0.407272
0.897431
0.250196
0.292766
0.790184
0.742149
0.650719
0.879633
0.391699
0.622688
0.552995
0.710091
0.948289
0.691784
0.122677
0.936648
0.100078
0.746748
0.346168
0.538128
0.270558
0.147919
0.117227
0.26837
0.198846
0.968358
0.880765
0.855124
0.946164
0.505575
0.247744
0.174089
0.249083
0.911134
0.407867
0.834767
0.399011
0.836875
0.639594
0.85022
0.445292
0.326541
0.23737
0.395836
0.197857
0.00521928
0.953248
0.0739165
0.276086
0.735252
0.808021
0.601247
0.32852
0.645731
0.473398
0.974164
0.100289
0.0329542
0.896459
0.825198
0.330657
0.884181
0.0607727
0.891773
0.19539
0.991441
0.268125
0.491732
0.00665232
0.960591
0.57892
0.37194
0.626392
0.914
0.29344
0.871815
0.988257
0.0428157
0.732212
0.634782
0.961499
0.938426
0.155736
0.0998204
0.89226
0.292504
0.935736
0.557833
0.0543671
0.814274
0.571722
0.897426
0.80911
0.57838
0.93417
0.980705
0.0277352
0.237532
0.689587
0.565636
0.111736
0.330688
0.813159
0.0185966
0.561305
0.0474517
0.821115
0.772776
0.509699
0.94996
0.643286
0.743874
0.298725
0.741221
0.536123
0.675702
0.451776
0.910156
0.803255
0.905042
0.899466
0.783784
0.153569
0.755634
0.449767
0.705243
0.140462
0.044363
0.0740932
0.298594
0.703714
0.617915
0.673236
0.656619
0.311428
0.984358
0.910597
0.925879
0.982102
0.514265
0.722862
0.672286
0.613334
0.0740221
0.588534
0.309957
0.134744
0.998428
0.877643
0.889136
0.188142
0.53143
0.859782
0.410442
0.677418
0.942648
0.886379
0.368544
0.0687989
0.0739725
0.384981
0.519928
0.419006
0.124301
0.519136
0.0417726
0.246002
0.635094
0.465962
0.107391
0.169991
0.96583
0.629791
0.259155
0.426028
0.0515717
0.444657
0.937911
0.68058
0.275816
0.706467
0.541397
0.684688
0.568503
0.334215
0.538081
0.607711
0.811644
0.781939
0.511045
0.55978
0.342917
0.452383
0.173361
0.989003
0.973115
0.67578
0.744975
0.2459
0.16618
0.383773
0.0931216
0.750498
0.309015
0.741712
0.423464
0.330891
0.162044
0.729094
0.34969
0.355762
0.071829
0.898281
0.395917
0.360049
0.375243
0.534004
0.95843
0.368087
0.327656
0.272745
0.595064
0.350456
0.946771
0.62741
0.607203
0.741049
0.496759
0.991147
0.502002
0.496414
0.434448
0.282039
0.939036
0.156083
0.238473
0.674604
0.731759
0.643746
0.988114
0.643859
0.537739
0.363645
0.977634
0.681173
0.374194
0.993853
0.337269
0.429344
0.448034
0.400656
0.9164
0.876067
0.665913
0.711484
0.268508
0.415254
0.835677
0.529389
0.245873
0.0574412
0.998653
0.512942
0.856343
0.757211
0.961758
0.268008
0.312306
0.87625
0.540028
0.583531
0.796692
0.425314
0.974912
0.0645124
0.933545
0.95981
0.886028
0.974296
0.96454
0.659359
0.839946
0.180759
0.53167
0.0593948
0.383275
0.24428
0.555524
0.271769
0.550072
0.912175
0.728387
0.966987
0.850896
0.203778
0.451985
0.284887
0.934162
0.724134
0.963014
0.975966
0.586483
0.0859918
0.492105
0.149322
0.226502
0.494078
0.142633
0.822445
0.701226
0.248784
0.0467187
0.507212
0.41575
0.276146
0.0469029
0.156938
0.860098
0.790442
0.748826
0.173222
0.370026
0.579526
0.17809
0.109004
0.278567
0.183928
0.0522815
0.265751
0.945566
0.4053
0.924336
0.933628
0.955708
0.131103
0.64902
0.536389
0.957389
0.479421
0.300489
0.733998
0.193978
0.29302
0.523036
0.979209
0.739224
0.844202
0.913397
0.21702
0.613552
0.580309
0.504563
0.656529
0.53254
0.811074
0.184543
0.0392038
0.12009
0.00339728
0.6503
0.0965531
0.684087
0.028482
0.863313
0.451152
0.468414
0.0406298
0.989392
0.212053
0.384347
0.334843
0.864772
0.119765
0.431074
0.987307
0.225745
0.22569
0.984114
0.752052
0.739345
0.769548
0.579887
0.807664
0.897033
0.640781
0.0651917
0.18344
0.588931
0.978152
0.600801
0.854665
0.136416
0.56411
0.963716
0.753947
0.168264
0.712937
0.646855
0.228598
0.817065
0.116316
0.452298
0.0830434
0.231012
0.722401
0.226948
0.818116
0.0499246
0.00172917
0.108139
0.432761
0.522004
0.0646253
0.331006
0.0649434
0.388752
0.243745
0.312649
0.800491
0.812299
0.232555
0.288196
0.71901
0.46208
0.283716
0.786035
0.462077
0.708424
0.0300009
0.0503028
0.0439818
0.839788
0.594732
0.604389
0.768425
0.558026
0.555319
0.192565
0.224972
0.31636
0.468373
0.0979614
0.286064
0.244676
0.820743
0.0188667
0.791501
0.708256
0.529335
0.178303
0.571819
0.210189
0.822222
0.0636647
0.876507
0.122635
0.294295
0.780232
0.840198
0.517544
0.559583
0.921498
0.598774
0.151232
0.716653
0.866366
0.109794
0.925701
0.169432
0.118826
0.31012
0.947071
0.744382
0.412702
0.627331
0.960885
0.00500278
0.866262
0.296706
0.707901
0.0826417
0.212296
0.634958
0.906512
0.183568
0.404259
0.654161
0.268297
0.6208
0.574622
0.685369
0.741654
0.0911359
0.995409
0.0349752
0.872256
0.333247
0.192838
0.243595
0.486425
0.450095
0.586187
0.228233
0.186768
0.705369
0.327221
0.809894
0.959142
0.554573
0.342308
0.468361
0.243036
0.396503
0.690671
0.935878
0.257372
0.33516
0.0299985
0.592903
0.36564
0.763629
0.283391
0.670992
0.807383
0.826782
0.776019
0.376024
0.0497285
0.807307
0.160583
0.227845
0.142909
0.51304
0.42503
0.960458
0.997916
0.821343
0.955439
0.565709
0.0720558
0.874032
0.630936
0.523331
0.881355
0.73593
0.638906
0.191344
0.36609
0.0850976
0.466705
0.393971
0.40534
0.953115
0.598709
0.950679
0.349998
0.68416
0.659973
0.0445375
0.0884708
0.492538
0.356461
0.4467
0.342363
0.133114
0.618711
0.665493
0.428265
0.829665
0.831255
0.901338
0.252241
0.486529
0.620395
0.908039
0.437565
0.191299
0.167686
0.359276
0.170306
0.165455
0.711784
0.518633
0.213
0.633066
0.370147
0.84722
0.800014
0.846841
0.822949
0.32446
0.0338934
0.339473
0.601927
0.139986
0.207765
0.874292
0.177798
0.328805
0.168877
0.602789
0.999607
0.605095
0.562496
0.139537
0.750342
0.242953
0.922937
0.18629
0.658666
0.384695
0.250758
0.0591571
0.899272
0.162387
0.427847
0.366313
0.248968
0.453549
0.109797
0.555896
0.942429
0.32293
0.825397
0.714247
0.422064
0.945475
0.486299
0.355325
0.108603
0.476615
0.221937
0.336791
0.422599
0.125964
0.421123
0.270355
0.658577
0.173425
0.489591
0.446914
0.839673
0.971842
0.706597
0.944508
0.355963
0.059446
0.649023
0.572444
0.0274752
0.448212
0.588926
0.781709
0.490556
0.14348
0.809774
0.200125
0.230931
0.51221
0.815539
0.688785
0.448653
0.967899
0.120493
0.744656
0.857639
0.878047
0.543328
0.286596
0.364632
0.73374
0.235317
0.102237
0.846941
0.489032
0.43715
0.0640874
0.126529
0.359333
0.705059
0.226614
0.793902
0.79525
0.820569
0.482898
0.0337199
0.933947
0.255351
0.810958
0.925384
0.755113
0.209265
0.660363
0.927333
0.5951
0.972184
0.79719
0.909881
0.570478
0.287262
0.00242997
0.532611
0.851707
0.543564
0.967592
0.721773
0.310017
0.344654
0.31753
0.819724
0.637307
0.919712
0.23343
0.084905
0.456902
0.36005
0.823385
0.109602
0.376788
0.0682172
0.35969
0.292609
0.281293
0.313902
0.487314
0.176042
0.904533
0.973728
0.396249
0.868674
0.24537
0.38104
0.768321
0.120703
0.70496
0.747012
0.888551
0.0510137
0.726196
0.288122
0.566059
0.251867
0.479906
0.336395
0.850484
0.458984
0.256645
0.130162
0.659779
0.496516
0.246306
0.155313
0.499846
0.358567
0.907451
0.241656
0.921413
0.415604
0.640589
0.072501
0.502581
0.460118
0.765383
0.72422
0.993803
0.210614
0.362044
0.870786
0.448883
0.0124028
0.805152
0.59981
0.983774
0.558964
0.171564
0.687483
0.649032
0.168858
0.321272
0.486004
0.682152
0.334078
0.229191
0.0256278
0.00576524
0.0424941
0.246641
0.0923045
0.652491
0.338695
0.827528
0.157753
0.021797
0.774836
0.722862
0.0722991
0.969871
0.794685
0.51462
0.434678
0.0167686
0.818314
0.970353
0.467151
0.558384
0.0627841
0.113041
0.674593
0.307722
0.278322
0.482874
0.377022
0.64739
0.882779
0.0873536
0.0992534
0.764423
0.176798
0.366298
0.960347
0.95926
0.704758
0.184892
0.558912
0.301148
0.221341
0.395217
0.420495
0.827239
0.903688
0.734811
0.15936
0.980614
0.723709
0.623396
0.642636
0.285444
0.418366
0.416178
0.859858
0.126211
0.914304
0.824251
0.413083
0.411841
0.624704
0.854371
0.168434
0.778515
0.488928
0.942256
0.757714
0.364641
0.445893
0.786413
0.120245
0.542436
0.255509
0.222443
0.673988
0.907823
0.143631
0.582517
0.711297
0.0713481
0.222589
0.279039
0.866117
0.962958
0.691937
0.929011
0.886454
0.493461
0.40644
0.383901
0.913274
0.933781
0.669123
0.260258
0.965059
0.473996
0.34874
0.357671
0.43033
0.00504102
0.721357
0.187111
0.943786
0.244911
0.454908
0.399331
0.606442
0.888544
0.418541
0.599065
0.895051
0.710076
0.0488209
0.327147
0.38146
0.865821
0.11472
0.857531
0.57847
0.775187
0.687567
0.765033
0.441267
0.276207
0.250064
0.516867
0.0499639
0.703278
0.232355
0.365828
0.110222
0.0641493
0.924433
0.431313
0.904017
0.966705
0.0894658
0.597263
0.84689
0.523172
0.597807
0.964328
0.508045
0.233969
0.469879
0.73624
0.447722
0.406661
0.213675
0.652376
0.440178
0.613575
0.330664
0.793683
0.401923
0.957843
0.79659
0.223792
0.162061
0.1113
0.684833
0.229603
0.123433
0.963325
0.566417
0.404646
0.329983
0.971164
0.0899609
0.487369
0.721858
0.236679
0.3407
0.486223
0.252753
0.878004
0.591912
0.926327
0.1126
0.704831
0.00398008
0.100326
0.96336
0.454655
0.654189
0.475416
0.111513
0.455104
0.750965
0.336745
0.723059
0.011393
0.683255
0.55825
0.398045
0.703274
0.303958
0.165069
0.87269
0.214468
0.830903
0.930476
0.56629
0.894773
0.508138
0.192652
0.62823
0.575998
0.814408
0.840886
0.108725
0.861352
0.836455
0.0240612
0.800126
0.0108897
0.181151
0.916999
0.942733
0.789402
0.695175
0.677183
0.128561
0.779352
0.77537
0.0897029
0.189233
0.545589
0.983534
0.624548
0.848524
0.325405
0.37093
0.569349
0.98072
0.732382
0.666495
0.884698
0.207221
0.276449
0.983528
0.982063
0.470247
0.7297
0.90165
0.396236
0.608386
0.4881
0.562835
0.604255
0.170007
0.761808
0.062574
0.998046
0.225143
0.861533
0.396015
0.211582
0.218678
0.476911
0.973351
0.207416
0.887771
0.190798
0.285238
0.804611
0.583008
0.196392
0.897104
0.406984
0.109482
0.0777416
0.244255
0.594642
0.493555
0.651321
0.909596
0.407589
0.628399
0.381071
0.395896
0.827808
0.710613
0.709865
0.971787
0.705793
0.249934
0.645095
0.742866
0.425784
0.449196
0.870118
0.720793
0.181237
0.331697
0.0251972
0.323137
0.865941
0.271764
0.985973
0.548937
0.0299038
0.298447
0.0531014
0.0738834
0.521863
0.662107
0.245188
0.968764
0.647644
0.924201
0.366482
0.319108
0.89107
0.85323
0.898522
0.897332
0.177476
0.736653
0.984559
0.67295
0.801981
0.353647
0.106187
0.273648
0.519159
0.626603
0.388905
0.701314
0.0192999
0.443524
0.0684755
0.419052
0.46328
0.475831
0.142668
0.942019
0.116398
0.124759
0.110817
0.661198
0.852543
0.0231378
0.645943
0.958454
0.450707
0.452001
0.162887
0.468784
0.881584
0.404074
0.449844
0.257773
0.577648
0.344484
0.31148
0.0799987
0.173838
0.986922
0.981013
0.885838
0.0243597
0.888782
0.115964
0.705363
0.847135
0.680922
0.275061
0.616129
0.380825
0.314514
0.274657
0.307149
0.329144
0.537174
0.794931
0.297812
0.668257
0.920605
0.0747582
0.15865
0.380294
0.960861
0.37239
0.695915
0.0187279
0.392956
0.377609
0.340534
0.296837
0.764885
0.839852
0.261743
0.327507
0.391276
0.97613
0.41821
0.305883
0.700944
0.98843
0.819895
0.807999
0.79297
0.0779202
0.552038
0.203979
0.630932
0.300038
0.710621
0.305562
0.900614
0.966682
0.132973
0.991968
0.89179
0.676741
0.0613043
0.53409
0.876529
0.435507
0.705718
0.300359
0.0858134
0.81058
0.867709
0.558385
0.0886795
0.16844
0.00900966
0.431904
0.96746
0.831354
0.388121
0.0225784
0.59242
0.408985
0.487249
0.545501
0.951021
0.881789
0.831678
0.647065
0.169571
0.193758
0.290254
0.661354
0.223178
0.849137
0.345283
0.0531453
0.368113
0.565337
0.972261
0.143267
0.0714761
0.46922
0.183681
0.313511
0.349295
0.0710369
0.793973
0.677643
0.427654
0.396817
0.114694
0.369715
0.141418
0.741199
0.269442
0.399056
0.459865
0.460657
0.307276
0.252843
0.11644
0.221778
0.127915
0.94996
0.776514
0.0679505
0.350755
0.06644
0.378968
0.835664
0.859528
0.452207
0.624996
0.728901
0.925723
0.286281
0.742662
0.730848
0.802761
0.188952
0.188316
0.584555
0.798952
0.108616
0.976013
0.285157
0.740858
0.581102
0.872993
0.932891
0.189009
0.442802
0.879359
0.765195
0.978124
0.624813
0.281334
0.764718
0.472813
0.199096
0.0742714
0.146637
0.451885
0.0292394
0.784369
0.629212
0.0851439
0.215887
0.353036
0.14048
0.194952
0.00105859
0.227543
0.755023
0.676519
0.974297
0.79911
0.622677
0.868702
0.586392
0.221715
0.614905
0.28157
0.371693
0.825173
0.736432
0.217549
0.85966
0.550895
0.148933
0.668263
0.997855
0.892352
0.784206
0.561736
0.0942721
0.655662
0.688524
0.873854
0.738315
0.8134
0.552843
0.984243
0.529541
0.881502
0.57874
0.303222
0.340778
0.237487
0.41606
0.519998
0.56243
0.0969197
0.611166
0.934231
0.346556
0.102276
0.630207
0.551723
0.939849
0.469102
0.683507
0.298253
0.784231
0.975497
0.694416
0.323093
0.912582
0.303703
0.0365012
0.656711
0.931617
0.714496
0.62853
0.481484
0.589272
0.761322
0.193102
0.690235
0.099845
0.378971
0.189199
0.840671
0.209166
0.397879
0.0608323
0.819344
0.951267
0.600162
0.663537
0.266032
0.347331
0.33759
0.412281
0.774675
0.207063
0.965235
0.769092
0.298445
0.0884497
0.559839
0.210449
0.347515
0.849573
0.136306
0.835099
0.553471
0.661153
0.498391
0.345944
0.336835
0.162414
0.0532726
0.0336973
0.695186
0.36678
0.051869
0.723847
0.203203
0.664181
0.201255
0.409695
0.529951
0.9906
0.265673
0.00159351
0.16612
0.37949
0.277698
0.826183
0.920935
0.551126
0.55324
0.566748
0.245443
0.956085
0.76829
0.354262
0.829156
0.443538
0.666054
0.497545
0.233978
0.353577
0.721547
0.298305
0.300937
0.712871
0.503837
0.0487896
0.716621
0.352102
0.497731
0.223917
0.51797
0.99069
0.305924
0.353426
0.769034
0.709849
0.0259935
0.159861
0.0346906
0.416172
0.200575
0.104235
0.606946
0.408375
0.519513
0.745673
0.893444
0.121054
0.63611
0.765119
0.843308
0.484611
0.248938
0.810713
0.299348
0.566442
0.898269
0.608482
0.495325
0.344372
0.145951
0.680132
0.497272
0.117746
0.846035
0.71803
0.197607
0.571847
0.168196
0.263923
0.253883
0.261631
0.0670043
0.649934
0.598696
0.768635
0.796811
0.998339
0.28869
0.156486
0.116767
0.37292
0.51948
0.286765
0.31862
0.0750976
0.423607
0.521854
0.371854
0.375601
0.249772
0.705041
0.56925
0.705819
0.0811966
0.0448955
0.540395
0.423543
0.333702
0.214531
0.663309
0.101023
0.713373
0.736533
0.759225
0.793934
0.793073
0.56297
0.667452
0.229402
0.865266
0.24571
0.440644
0.415365
0.975621
0.502733
0.972389
0.855905
0.104769
0.492977
0.846412
0.25772
0.667053
0.597148
0.0950578
0.734902
0.79681
0.950259
0.559834
0.809785
0.389393
0.202722
0.397623
0.470279
0.881228
0.508432
0.457864
0.660308
0.65835
0.925109
0.739842
0.975425
0.274028
0.996837
0.40198
0.864527
0.532992
0.436149
0.959803
0.759277
0.212534
0.658406
0.471231
0.837983
0.0142196
0.657003
0.169349
0.367755
0.468947
0.233959
0.148878
0.758489
0.995067
0.340027
0.94643
0.380408
0.205963
0.23634
0.363518
0.912937
0.484048
0.321334
0.218288
0.725609
0.3989
0.841509
0.628434
0.0391608
0.478083
0.700568
0.592009
0.58212
0.497201
0.135299
0.742379
0.26836
0.0332586
0.435126
0.515523
0.937971
0.610135
0.0724268
0.838635
0.134047
0.108329
0.713118
0.648134
0.352673
0.444436
0.469458
0.196562
0.12204
0.994397
0.883302
0.772554
0.78516
0.886164
0.302356
0.740328
0.961807
0.163435
0.577876
0.418461
0.93942
0.0878279
0.312128
0.131815
0.759946
0.962264
0.680412
0.537487
0.962272
0.381796
0.700367
0.988006
0.41349
0.616214
0.0831586
0.929327
0.408964
0.491465
0.698579
0.150819
0.211334
0.768039
0.318507
0.6858
0.874416
0.855762
0.3123
0.190432
0.400762
0.679625
0.208126
0.035301
0.0672734
0.742495
0.0418064
0.309549
0.840066
0.116147
0.0640194
0.887599
0.547547
0.282689
0.225875
0.24193
0.225483
0.417895
0.909419
0.110256
0.689602
0.922442
0.325874
0.122935
0.030879
0.829868
0.585649
0.568524
0.0458021
0.0745648
0.271721
0.0277516
0.891098
0.333975
0.520595
0.852973
0.598225
0.994733
0.0878158
0.15005
0.196358
0.884148
0.945834
0.325729
0.20212
0.390078
0.0369346
0.146548
0.442311
0.545772
0.590657
0.714427
0.8095
0.509524
0.310306
0.60399
0.366259
0.793248
0.288604
0.821954
0.721137
0.0141994
0.500995
0.670256
0.277304
0.771376
0.207884
0.136672
0.547357
0.48436
0.490933
0.586291
0.358202
0.517493
0.829972
0.658135
0.671342
0.476771
0.106064
0.691563
0.446842
0.345899
0.847752
0.0544872
0.426369
0.0261122
0.207779
0.921971
0.514914
0.479319
0.470526
0.15561
0.480764
0.657451
0.378799
0.46473
0.124085
0.384505
0.82742
0.401802
0.123699
0.0388208
0.938131
0.605629
0.244735
0.376669
0.467227
0.901805
0.9272
0.987686
0.773514
0.478285
0.786204
0.19675
0.512635
0.0770533
0.114312
0.98598
0.387904
0.53268
0.699533
0.0437669
0.420872
0.326685
0.71881
0.0777482
0.65913
0.2147
0.141275
0.892606
0.391822
0.465885
0.907587
0.766549
0.932686
0.324781
0.220191
0.515091
0.679833
0.773768
0.737724
0.891713
0.813359
0.16819
0.684904
0.0955301
0.394088
0.111058
0.093311
0.655059
0.637386
0.888517
0.876699
0.822064
0.858043
0.319619
0.472782
0.173244
0.230572
0.488374
0.710928
0.705987
0.251994
0.877482
0.294415
0.0341864
0.313117
0.0889386
0.852416
0.851505
0.384852
0.928215
0.39639
0.0633969
0.327533
0.201794
0.874039
0.135995
0.206467
0.887305
0.203653
0.5789
0.316765
0.691305
0.804198
0.926818
0.922601
0.246957
0.603111
0.932179
0.0108808
0.466849
0.161815
0.053536
0.362766
0.876801
0.0125738
0.596589
0.40464
0.334675
0.574406
0.164521
0.780497
0.690959
0.914133
0.120053
0.941004
0.177256
0.675102
0.91374
0.198611
0.13101
0.144269
0.321551
0.818988
0.0884833
0.693339
0.162079
0.934804
0.374089
0.869809
0.356551
0.304103
0.348072
0.688814
0.0143353
0.984361
0.450828
0.09455
0.404169
0.992153
0.293909
0.452607
0.388437
0.135349
0.623689
0.289662
0.0244118
0.369642
0.537464
0.16047
0.246614
0.530862
0.907514
0.76035
0.824508
0.185606
0.613873
0.313038
0.862668
0.561876
0.152551
0.248256
0.984024
0.516155
0.726135
0.0274659
0.147255
0.105955
0.612546
0.563802
0.724852
0.101966
0.511959
0.833368
0.117068
0.824298
0.0146126
0.406624
0.436881
0.0513666
0.581667
0.16723
0.253437
0.811106
0.104765
0.914522
0.188825
0.518134
0.92853
0.331
0.495072
0.501901
0.194667
0.237142
0.770973
0.360732
0.950795
0.430534
0.946659
0.227451
0.737695
0.340857
0.494274
0.136412
0.473114
0.481532
0.650593
0.668975
0.238172
0.0962074
0.807765
0.0512342
0.243495
0.0848046
0.296503
0.521376
0.615074
0.0103739
0.980396
0.90084
0.327425
0.37675
0.498882
0.322602
0.574559
0.208879
0.380234
0.525955
0.636476
0.991425
0.970974
0.801299
0.338042
0.59514
0.167045
0.954597
0.132651
0.839473
0.334864
0.617857
0.633708
0.549298
0.54784
0.266404
0.886891
0.555976
0.990237
0.436742
0.496986
0.966747
0.77982
0.786569
0.0849214
0.132467
0.54813
0.46681
0.811038
0.94342
0.13315
0.864884
0.595885
0.807549
0.96414
0.650162
0.361698
0.156075
0.93688
0.639743
0.261811
0.11111
0.0424962
0.00630371
0.97858
0.840331
0.629303
0.610416
0.557396
0.936563
0.914633
0.528446
0.13488
0.289383
0.724765
0.205212
0.432434
0.682365
0.905574
0.896509
0.839793
0.895216
0.464688
0.459449
0.519119
0.620594
0.435571
0.748495
0.351332
0.335138
0.181246
0.495847
0.151995
0.385595
0.359312
0.65784
0.443223
0.78373
0.862956
0.702598
0.663535
0.0873175
0.0964513
0.0317791
0.918515
0.404665
0.737903
0.293619
0.300153
0.940927
0.0200851
0.284167
0.0955752
0.792613
0.594305
0.48833
0.0914357
0.667857
0.923202
0.74798
0.692681
0.998947
0.0798396
0.125774
0.322251
0.135493
0.580898
0.641871
0.58676
0.918859
0.136426
0.377999
0.381588
0.0170404
0.605597
0.0046836
0.0967874
0.787616
0.0660213
0.608892
0.119776
0.0534932
0.179191
0.260375
0.781201
0.676701
0.903341
0.319105
0.0110469
0.253477
0.000984272
0.35148
0.0833193
0.20986
0.0705955
0.988804
0.687128
0.608257
0.0931791
0.700261
0.103776
0.559401
0.893194
0.712595
0.543981
0.142138
0.974981
0.873966
0.721729
0.212391
0.329058
0.302324
0.924279
0.127662
0.684101
0.380143
0.209192
0.610337
0.126267
0.20209
0.299579
0.823569
0.839455
0.603658
0.846086
0.274345
0.550691
0.0158074
0.824194
0.144409
0.780282
0.727858
0.161092
0.540574
0.335286
0.254662
0.237164
0.406347
0.939185
0.591584
0.325056
0.519169
0.164106
0.7643
0.369501
0.0655808
0.129536
0.922332
0.209832
0.313113
0.533444
0.814238
0.729249
0.935099
0.448947
0.015023
0.841706
0.193501
0.0960863
0.682642
0.909387
0.807909
0.527753
0.468474
0.990799
0.988651
0.260847
0.488905
0.599433
0.181
0.703547
0.346086
0.86207
0.0962905
0.69171
0.398142
0.669747
0.0714258
0.371835
0.326649
0.172889
0.464182
0.245824
0.0728543
0.710246
0.140694
0.675555
0.104687
0.148492
0.366403
0.176802
0.968071
0.356991
0.605162
0.722502
0.00392367
0.020277
0.229808
0.692134
0.699168
0.197281
0.82799
0.392037
0.626732
0.698768
0.247491
0.218214
0.0847337
0.611376
0.83909
0.628996
0.864616
0.937098
0.92138
0.804933
0.842671
0.179755
0.0653258
0.957192
0.965227
0.964688
0.562351
0.601337
0.29479
0.0205986
0.192663
0.584562
0.778013
0.587505
0.987387
0.40036
0.433339
0.933387
0.916161
0.161327
0.204579
0.229541
0.882757
0.528106
0.280317
0.594975
0.429155
0.256111
0.166223
0.0466873
0.309586
0.741508
0.572068
0.469398
0.979756
0.285518
0.494836
0.192069
0.645005
0.810339
0.729043
0.946736
0.618123
0.982047
0.568063
0.814542
0.637184
0.50179
0.814435
0.779082
0.876763
0.158193
0.597465
0.137232
0.665664
0.17837
0.206856
0.575403
0.951451
0.22191
0.231662
0.498316
0.713949
0.440069
0.919305
0.2837
0.462506
0.385799
0.132329
0.401568
0.459861
0.581377
0.0122861
0.805075
0.196438
0.202002
0.401957
0.654065
0.483584
0.258416
0.122205
0.294214
0.290274
0.293086
0.128685
0.950572
0.120694
0.0307831
0.849573
0.39981
0.024186
0.591978
0.849407
0.38642
0.66693
0.627252
0.809619
0.325979
0.270596
0.184399
0.0307809
0.6852
0.609374
0.191106
0.160117
0.440312
0.315976
0.320091
0.765256
0.468392
0.164443
0.840176
0.192883
0.959445
0.614349
0.691908
0.597423
0.978457
0.511319
0.31355
0.179907
0.544134
0.56494
0.832188
0.235104
0.344623
0.0528071
0.951963
0.634213
0.449396
0.408036
0.801812
0.30069
0.18544
0.673903
0.319764
0.530895
0.287011
0.0874194
0.67119
0.828061
0.244316
0.227089
0.567169
0.362266
0.929959
0.604953
0.990837
0.529607
0.815658
0.769153
0.341935
0.339684
0.220927
0.30204
0.420462
0.995338
0.411917
0.943602
0.8222
0.0728324
0.53712
0.781612
0.116518
0.705579
0.931533
0.826423
0.26908
0.569066
0.664676
0.119636
0.749888
0.787312
0.173949
0.0671601
0.0673609
0.515882
0.368252
0.741123
0.850978
0.918382
0.653809
0.805617
0.282084
0.185958
0.855468
0.95697
0.8462
0.204135
0.539252
0.248181
0.719454
0.314481
0.761981
0.397654
0.0559097
0.88963
0.937583
0.00871936
0.57295
0.922137
0.100424
0.0143208
0.933692
0.714887
0.552925
0.0589127
0.174922
0.237651
0.57456
0.700503
0.89128
0.919725
0.35132
0.447982
0.773183
0.665085
0.0615131
0.682526
0.46758
0.770084
0.813763
0.0236229
0.175125
0.271783
0.033998
0.894703
0.231773
0.510358
0.311903
0.0175081
0.859091
0.960152
0.471497
0.540304
0.976216
0.230662
0.63506
0.0138629
0.781188
0.817133
0.700769
0.48398
0.470809
0.101194
0.0149771
0.226183
0.716208
0.722713
0.828975
0.358634
0.409117
0.112182
0.774922
0.60124
0.75411
0.65181
0.109293
0.782203
0.148715
0.675163
0.470888
0.201046
0.993279
0.957726
0.602823
0.293914
0.545835
0.544356
0.221474
0.93315
0.218499
0.175745
0.473408
0.398939
0.756019
0.157422
0.239491
0.401865
0.304829
0.308755
0.172978
0.611716
0.810264
0.742722
0.161229
0.507946
0.893602
0.440531
0.978785
0.403516
0.585109
0.335813
0.909922
0.638273
0.750275
0.618936
0.388013
0.877516
0.0568541
0.822069
0.514136
0.806708
0.959362
0.18235
0.418317
0.907542
0.921222
0.729358
0.804019
0.827641
0.842397
0.698163
0.532601
0.161371
0.493209
0.421534
0.983784
0.33949
0.97388
0.500371
0.676769
0.613155
0.79211
0.895806
0.439669
0.184764
0.644033
0.505957
0.519279
0.748464
0.0571851
0.0109502
0.706657
0.551462
0.0614619
0.0931165
0.123557
0.577338
0.163232
0.361935
0.142332
0.892612
0.255786
0.474832
0.25143
0.0374452
0.0497212
0.775707
0.333975
0.979889
0.911863
0.456988
0.521362
0.579476
0.140351
0.35471
0.83355
0.348556
0.707055
0.383521
0.440952
0.78915
0.062992
0.611592
0.136623
0.314562
0.944849
0.22863
0.105714
0.414085
0.921815
0.566871
0.772881
0.319381
0.809811
0.639358
0.473628
0.917973
0.500028
0.137766
0.662236
0.579758
0.487498
0.885898
0.861186
0.366122
0.0811777
0.564222
0.59388
0.986716
0.40497
0.0306286
0.575839
0.758774
0.984562
0.853993
0.699103
0.922971
0.813696
0.215119
0.359296
0.502305
0.34465
0.776846
0.504781
0.596059
0.608218
0.0291504
0.12433
0.160231
0.689817
0.719704
0.383357
0.901214
0.310149
0.324709
0.0117226
0.380016
0.13245
0.406025
0.273919
0.833898
0.522236
0.557789
0.505457
0.989012
0.650007
0.198253
0.571205
0.863139
0.301962
0.0467734
0.00600753
0.659966
0.225823
0.799141
0.569312
0.393663
0.0361945
0.785005
0.41525
0.906628
0.943432
0.897132
0.489557
0.869472
0.647811
0.0103352
0.208374
0.396329
0.928742
0.911892
0.895016
0.045767
0.0867594
0.566073
0.350603
0.206228
0.694843
0.75225
0.367022
0.0448123
0.17544
0.597919
0.258186
0.919985
0.440718
0.429434
0.892245
0.761139
0.750458
0.200233
0.594347
0.109221
0.310704
0.205936
0.30425
0.56123
0.212379
0.168433
0.266509
0.78858
0.984774
0.837859
0.796493
0.486163
0.367954
0.656439
0.582262
0.541986
0.849273
0.993208
0.844487
0.683436
0.0163619
0.45524
0.792903
0.818
0.55843
0.724584
0.255347
0.833204
0.343583
0.0276752
0.724679
0.640057
0.668038
0.858416
0.00677251
0.467047
0.736329
0.116253
0.78328
0.444759
0.671311
0.87308
0.790949
0.194765
0.977474
0.00381369
0.561583
0.838608
0.421372
0.422303
0.0856869
0.487863
0.203181
0.867259
0.660866
0.36311
0.761153
0.38932
0.458833
0.0645461
0.890198
0.741971
0.704978
0.736159
0.70964
0.530131
0.219345
0.478787
0.961972
0.927096
0.933745
0.476042
0.0693364
0.355356
0.703159
0.82835
0.362323
0.880224
0.482776
0.389812
0.501147
0.0935558
0.702132
0.553481
0.333967
0.491436
0.856862
0.471955
0.678043
0.674933
0.657003
0.258804
0.090239
0.219954
0.0989004
0.785069
0.696269
0.0963873
0.284624
0.994839
0.780432
0.904981
0.127164
0.829571
0.614397
0.835924
0.593151
0.876249
0.393182
0.776727
0.240465
0.187671
0.987651
0.110972
0.930761
0.877532
0.216655
0.257879
0.66585
0.233176
0.655907
0.146444
0.631458
0.977224
0.0571107
0.926495
0.821482
0.415581
0.245046
0.937629
0.512832
0.312297
0.226114
0.882471
0.0929177
0.438003
0.35843
0.851684
0.746991
0.146684
0.0266869
0.439266
0.0753355
0.140514
0.229357
0.173937
0.720412
0.120845
0.840521
0.374552
0.618618
0.131158
0.186114
0.584087
0.688253
0.490065
0.85379
0.0578696
0.58506
0.334267
0.181345
0.339382
0.572568
0.794908
0.859752
0.62073
0.794148
0.0458606
0.849329
0.640283
0.552086
0.9333
0.968918
0.395442
0.926133
0.877506
0.364209
0.805569
0.180244
0.563807
0.250776
0.679103
0.712428
0.86853
0.27574
0.895022
0.374943
0.271463
0.865372
0.850583
0.260199
0.506029
0.997604
0.985946
0.612478
0.45016
0.983106
0.555154
0.242558
0.572244
0.800307
0.0460276
0.85472
0.999446
0.142255
0.143874
0.165615
0.648537
0.0160109
0.0547816
0.0572778
0.26953
0.995569
0.091926
0.273262
0.212734
0.0743037
0.285305
0.998645
0.499824
0.786997
0.091263
0.80198
0.584503
0.341689
0.781057
0.482187
0.901711
0.610399
0.0810665
0.808605
0.652904
0.199947
0.360451
0.85883
0.487129
0.774356
0.139234
0.0021786
0.222759
0.315565
0.922411
0.518423
0.0828267
0.370198
0.598704
0.451346
0.0619724
0.690343
0.405428
0.595442
0.550306
0.311684
0.16679
0.590068
0.539559
0.769662
0.568523
0.788557
0.556553
0.912434
0.0182155
0.0630115
0.0208319
0.124662
0.281774
0.774721
0.12767
0.0711778
0.91479
0.0939146
0.852081
0.0288949
0.522193
0.775194
0.952809
0.878146
0.082483
0.212675
0.137873
0.500298
0.772397
0.95322
0.248898
0.659707
0.136887
0.0482922
0.0425708
0.999405
0.417496
0.980188
0.717222
0.315635
0.677578
0.419065
0.291561
0.673166
0.0707729
0.271813
0.320049
0.339308
0.175535
0.994233
0.0244055
0.681238
0.52956
0.410743
0.873135
0.0699873
0.926237
0.596173
0.233406
0.252749
0.573829
0.398915
0.899856
0.942871
0.236477
0.402599
0.206764
0.631735
0.959641
0.940934
0.98774
0.447857
0.894217
0.889826
0.0951533
0.603387
0.954407
0.46624
0.298621
0.606028
0.40683
0.0740946
0.922966
0.656866
0.208031
0.677376
0.678535
0.983199
0.929543
0.0290853
0.186847
0.353973
0.445902
0.634563
0.949864
0.123097
0.396429
0.820254
0.643675
0.598739
0.502378
0.701489
0.390662
0.404747
0.43558
0.696902
0.0620184
0.140879
0.916199
0.279618
0.901854
0.106982
0.165919
0.0611396
0.673902
0.303425
0.19807
0.486481
0.327683
0.49842
0.255639
0.14005
0.416778
0.87415
0.332932
0.334685
0.0831585
0.738526
0.389725
0.417856
0.857427
0.171143
0.989443
0.514771
0.776386
0.516447
0.444202
0.990012
0.248653
0.146046
0.700958
0.966981
0.710132
0.759317
0.0657228
0.975006
0.35876
0.237155
0.514127
0.395742
0.556563
0.518698
0.189135
0.743513
0.0588931
0.927148
0.457671
0.470373
0.831417
0.309678
0.548868
0.816861
0.50503
0.81012
0.52265
0.857937
0.0160895
0.285527
0.16327
0.481883
0.575211
0.915278
0.436421
0.561022
0.973773
0.59376
0.493895
0.0492457
0.917109
0.106668
0.936359
0.570669
0.401378
0.155549
0.354822
0.615881
0.738366
0.780048
0.143751
0.928455
0.0918242
0.931805
0.0638233
0.0463006
0.991181
0.701414
0.699754
0.603212
0.962468
0.734834
0.607885
0.17852
0.184068
0.076429
0.471257
0.102397
0.224005
0.882804
0.686532
0.37449
0.786887
0.717545
0.148268
0.571217
0.0112096
0.440451
0.651768
0.511129
0.617385
0.50059
0.830791
0.232643
0.345553
0.158995
0.578953
0.658668
0.970374
0.66365
0.390449
0.115107
0.041881
0.534225
0.228362
0.384152
0.303176
0.321048
0.232416
0.100678
0.474933
0.0976735
0.20586
0.355102
0.987839
0.805185
0.443256
0.653333
0.179025
0.154654
0.839346
0.65273
0.23149
0.816772
0.215018
0.453325
0.790963
0.558128
0.44999
0.978713
0.157191
0.888791
0.143291
0.146948
0.198449
0.858867
0.168024
0.293906
0.17753
0.96611
0.753473
0.0267444
0.815519
0.301345
0.151357
0.10746
0.341339
0.301937
0.789339
0.033279
0.386223
0.387868
0.00677285
0.724825
0.968721
0.442751
0.792909
0.746192
0.985192
0.143281
0.888789
0.879615
0.17248
0.58983
0.918998
0.941522
0.00911426
0.497084
0.516114
0.533682
0.0566158
0.878556
0.0884203
0.920764
0.260926
0.975891
0.974326
0.777891
0.781675
0.147773
0.779996
0.204935
0.252792
0.227588
0.638306
0.101772
0.631671
0.85567
0.642648
0.533295
0.0195558
0.599262
0.424149
0.935431
0.746325
0.326024
0.619083
0.74541
0.0231781
0.149613
0.605173
0.0825673
0.814009
0.122512
0.64296
0.894566
0.313972
0.641266
0.208671
0.377207
0.682871
0.0910168
0.757093
0.401102
0.815717
0.642761
0.80791
0.0926831
0.62628
0.209965
0.048848
0.923339
0.0855591
0.64783
0.375993
0.20245
0.656279
0.843817
0.675295
0.671878
0.221605
0.697731
0.179918
0.166758
0.919857
0.999196
0.406715
0.980497
0.635949
0.326218
0.57502
0.601399
0.132407
0.942309
0.78206
0.546285
0.483563
0.503017
0.789574
0.920533
0.065186
0.197362
0.490687
0.251732
0.113519
0.0378199
0.53013
0.157273
0.926564
0.135251
0.318125
0.996818
0.198423
0.993016
0.567049
0.600119
0.697871
0.384014
0.740322
0.543574
0.927877
0.77731
0.995583
0.120142
0.134183
0.347476
0.495925
0.752268
0.85382
0.28258
0.574076
0.66893
0.791047
0.226091
0.403477
0.286278
0.935986
0.485909
0.543651
0.0595533
0.766628
0.87515
0.0340527
0.848037
0.337771
0.443897
0.375783
0.38538
0.423613
0.942733
0.621086
0.315805
0.910963
0.961018
0.00903397
0.825877
0.504275
0.218503
0.902208
0.522025
0.906729
0.114569
0.766758
0.0946741
0.0374427
0.479554
0.258844
0.0399208
0.939615
0.674304
0.670012
0.661254
0.700636
0.654309
0.330847
0.272197
0.40535
0.498899
0.672142
0.692218
0.957392
0.861682
0.254018
0.83846
0.62145
0.489706
0.253053
0.000490266
0.895768
0.941273
0.0837229
0.882832
0.834519
0.867105
0.675393
0.486939
0.0798332
0.786548
0.419578
0.933528
0.858676
0.150678
0.861256
0.557465
0.166781
0.518101
0.510725
0.750153
0.168027
0.871588
0.832021
0.829977
0.765743
0.625767
0.00915452
0.360498
0.0459826
0.70349
0.556474
0.554439
0.418287
0.199952
0.650183
0.961325
0.758686
0.333001
0.52762
0.337676
0.262777
0.292636
0.0105938
0.644205
0.947168
0.9083
0.583317
0.0359081
0.516211
0.186365
0.975199
0.00034749
0.136918
0.451682
0.120194
0.556086
0.162288
0.507426
0.351549
0.46627
0.366471
0.562323
0.504325
0.991256
0.671518
0.79465
0.570886
0.741566
0.891157
0.959231
0.670321
0.432327
0.508855
0.654359
0.728688
0.163048
0.816408
0.856897
0.549033
0.580586
0.334445
0.73981
0.0830874
0.136652
0.383354
0.960423
0.0725895
0.125202
0.691904
0.174348
0.842977
0.544509
0.86987
0.108073
0.26794
0.465868
0.775562
0.314588
0.7336
0.84059
0.166052
0.824285
0.0889347
0.918282
0.254287
0.0692977
0.75376
0.364281
0.562955
0.03693
0.789414
0.291007
0.661422
0.542688
0.723884
0.110767
0.237297
0.829328
0.550674
0.423659
0.288038
0.587357
0.671838
0.953465
0.0330114
0.852015
0.746053
0.0148217
0.828976
0.0273292
0.0461023
0.817386
0.86311
0.881364
0.612397
0.452442
0.102496
0.472357
0.581393
0.69466
0.774812
0.83195
0.193006
0.870355
0.861623
0.123353
0.582683
0.120583
0.198948
0.953423
0.97118
0.875848
0.575817
0.243127
0.933174
0.724989
0.483498
0.329515
0.761428
0.0724322
0.795356
0.960176
0.119957
0.694556
0.970171
0.142525
0.971119
0.969733
0.350451
0.0616728
0.923994
0.462236
0.846334
0.945519
0.503386
0.409662
0.00902063
0.60921
0.944854
0.429298
0.502918
0.468189
0.97902
0.955304
0.359532
0.597159
0.734261
0.658799
0.857157
0.404458
0.534058
0.921457
0.0480434
0.535464
0.187704
0.730236
0.878543
0.751357
0.268278
0.425307
0.0452971
0.881043
0.0631919
0.0975202
0.61001
0.498968
0.94238
0.618729
0.342708
0.0475086
0.315325
0.569278
0.747309
0.150409
0.355584
0.0305624
0.342197
0.388559
0.700136
0.0725391
0.177048
0.510519
0.601613
0.629226
0.475735
0.996624
0.526727
0.0203028
0.68364
0.590773
0.275048
0.412088
0.99401
0.434333
0.508673
0.463432
0.59816
0.251671
0.333331
0.119486
0.00630542
0.672667
0.196505
0.885749
0.308475
0.594826
0.986142
0.0914464
0.270002
0.429208
0.944201
0.618565
0.623585
0.194209
0.149431
0.314289
0.656421
0.121496
0.21083
0.934894
0.147984
0.856219
0.0921166
0.698107
0.0396103
0.101256
0.319935
0.180244
0.220521
0.469274
0.214895
0.568745
0.499565
0.438348
0.280747
0.359639
0.344825
0.667813
0.0664369
0.0573723
0.288135
0.602356
0.433389
0.408155
0.11221
0.705907
0.921216
0.545184
0.739911
0.393128
0.0688799
0.134306
0.712657
0.175459
0.413459
0.276022
0.930382
0.70488
0.901828
0.0545225
0.886139
0.542805
0.0403602
0.116841
0.726847
0.494194
0.426155
0.768718
0.0617493
0.914552
0.0211952
0.845552
0.986111
0.37498
0.044598
0.650776
0.452453
0.766119
0.702898
0.944693
0.0943395
0.523095
0.471543
0.892461
0.804889
0.225784
0.867388
0.55863
0.575593
0.151001
0.578446
0.476258
0.291663
0.421883
0.863566
0.908545
0.174197
0.0199514
0.675403
0.238064
0.433931
0.871416
0.913416
0.0608743
0.556218
0.155588
0.147945
0.44763
0.719143
0.373878
0.0390459
0.0502726
0.461945
0.432692
0.890332
0.482996
0.786673
0.0333816
0.905483
0.613669
0.302175
0.142742
0.0979828
0.268602
0.139992
0.717511
0.248493
0.524415
0.29653
0.04125
0.969082
0.226721
0.63605
0.442622
0.667095
0.457974
0.364684
0.807562
0.0412291
0.918413
0.146435
0.432075
0.68255
0.218629
0.250418
0.408096
0.308651
0.350731
0.209923
0.991075
0.0187928
0.800178
0.00484398
0.0881689
0.0578526
0.482615
0.357731
0.111365
0.0491637
0.368728
0.347757
0.0112098
0.935642
0.0956247
0.986182
0.288107
0.157567
0.0166812
0.657418
0.126946
0.6563
0.218816
0.823722
0.531984
0.945618
0.00780494
0.711132
0.0825472
0.587544
0.867185
0.349887
0.0299047
0.498611
0.987445
0.0147741
0.906341
0.391238
0.972335
0.878187
0.169284
0.30839
0.126126
0.729698
0.907172
0.867231
0.562869
0.0319696
0.239059
0.578412
0.766911
0.605141
0.0964535
0.291994
0.70697
0.336906
0.159927
0.514019
0.364457
0.151434
0.382191
0.00701953
0.49229
0.546627
0.599613
0.526237
0.0708738
0.526967
0.9291
0.198936
0.0102937
0.678609
0.911888
0.93305
0.0501464
0.851194
0.0196724
0.739434
0.616845
0.665906
0.404624
0.275443
0.909231
0.257817
0.011681
0.595423
0.232317
0.685713
0.301671
0.125382
0.416476
0.0928278
0.438462
0.609532
0.122799
0.0336484
0.911912
0.159165
0.84014
0.75444
0.456744
0.257607
0.434563
0.563864
0.489451
0.167957
0.0845431
0.259392
0.494558
0.404913
0.824293
0.536534
0.285984
0.127209
0.842515
0.48107
0.900814
0.369449
0.189275
0.33497
0.383676
0.710178
0.335647
0.867513
0.231196
0.753335
0.605924
0.0813807
0.845948
0.315615
0.55933
0.438052
0.593339
0.0286735
0.562341
0.922099
0.00879719
0.948927
0.23821
0.644494
0.862895
0.474512
0.833703
0.926179
0.32158
0.444854
0.624201
0.737661
0.207011
0.658144
0.695002
0.162003
0.895119
0.0884059
0.244372
0.552192
0.0943748
0.268745
0.860452
0.254958
0.900188
0.0151976
0.726286
0.199191
0.368275
0.293971
0.531477
0.695585
0.738693
0.922888
0.461977
0.712687
0.523155
0.00423713
0.259586
0.0668313
0.27235
0.436992
0.779889
0.291238
0.242824
0.445768
0.555074
0.923181
0.626484
0.0203654
0.607515
0.493999
0.190869
0.553089
0.437407
0.170202
0.233118
0.988457
0.140138
0.108916
0.769788
0.253024
0.916377
0.877918
0.641039
0.185284
0.165851
0.597902
0.186182
0.809914
0.378475
0.412414
0.250175
0.453277
0.422412
0.202001
0.739979
0.870603
0.282109
0.518615
0.229493
0.503005
0.969024
0.644925
0.180192
0.785048
0.81357
0.354869
0.270808
0.251284
0.287891
0.306873
0.0412128
0.651525
0.714179
0.431528
0.598342
0.533126
0.02743
0.110285
0.0705497
0.929046
0.8067
0.611456
0.698977
0.08669
0.958478
0.30586
0.899998
0.214775
0.692285
0.400495
0.418247
0.625868
0.825918
0.44659
0.105458
0.177374
0.780452
0.431524
0.538257
0.34164
0.808417
0.534325
0.56626
0.183145
0.143414
0.370201
0.460548
0.924996
0.895709
0.142914
0.362191
0.880063
0.500141
0.0711896
0.887608
0.591256
0.157734
0.634749
0.568715
0.258128
0.980045
0.496948
0.977039
0.0413281
0.358883
0.0705224
0.61544
0.212167
0.646115
0.334167
0.685368
0.908197
0.975369
0.647828
0.205543
0.884473
0.758363
0.395896
0.598758
0.677005
0.641713
0.129556
0.389207
0.385808
0.641917
0.110397
0.127406
0.865934
0.291179
0.393462
0.613294
0.169336
0.753828
0.871722
0.535488
0.00147192
0.869149
0.432813
0.342052
0.0187579
0.781468
0.0248546
0.933289
0.836171
0.735541
0.234013
0.582388
0.066753
0.38923
0.765667
0.513399
0.00302797
0.901421
0.353579
0.964635
0.779837
0.168972
0.121935
0.610059
0.432379
0.0339822
0.865391
0.331859
0.606005
0.447508
0.80298
0.83757
0.295612
0.80396
0.478593
0.318657
0.18316
0.631381
0.143637
0.00064715
0.916789
0.912015
0.0392759
0.119573
0.964995
0.879791
0.478483
0.0767804
0.38157
0.758783
0.00247304
0.571971
0.430717
0.120963
0.477091
0.283901
0.956276
0.415127
0.528044
0.0943072
0.294128
0.97662
0.501296
0.138826
0.988885
0.846257
0.284199
0.195202
0.478924
0.271934
0.200147
0.0783208
0.358855
0.626126
0.00489158
0.0615712
0.041716
0.232553
0.981822
0.0635479
0.509512
0.282143
0.136511
0.292517
0.686758
0.965792
0.581204
0.33829
0.456986
0.308686
0.30604
0.254093
0.000992966
0.906124
0.583109
0.576881
0.667656
0.59819
0.301288
0.971832
0.967111
0.259456
0.297566
0.193391
0.146054
0.262084
0.734015
0.857071
0.150336
0.614554
0.838058
0.673675
0.740111
0.394211
0.603338
0.554872
0.325808
0.297624
0.174536
0.626429
0.945168
0.437201
0.374702
0.0297669
0.472644
0.684995
0.326509
0.189959
0.102767
0.390563
0.0746306
0.963785
0.461714
0.608994
0.616598
0.170343
0.982336
0.672611
0.306998
0.0999026
0.640113
0.301654
0.0741774
0.460913
0.452029
0.801831
0.0888213
0.317141
0.309842
0.103662
0.333005
0.0524403
0.242381
0.568446
0.30045
0.868713
0.0369027
0.18111
0.441365
0.147067
0.372514
0.936461
0.591261
0.634456
0.826476
0.75452
0.233777
0.102695
0.683501
0.749003
0.517312
0.0201033
0.315961
0.953452
0.851645
0.0865922
0.292408
0.299144
0.442118
0.450958
0.438692
0.732096
0.0848608
0.206267
0.337043
0.587979
0.607834
0.1214
0.147668
0.230989
0.532211
0.766524
0.981433
0.277844
0.614264
0.398347
0.0531085
0.517388
0.448265
0.502578
0.262155
0.545343
0.448555
0.650783
0.291119
0.184684
0.214667
0.295633
0.0509853
0.450336
0.0169879
0.3687
0.280064
0.220692
0.426181
0.227883
0.759086
0.9958
0.737039
0.159364
0.0769725
0.468523
0.796359
0.959231
0.0330762
0.836084
0.0560527
0.606633
0.983573
0.530406
0.191329
0.547917
0.138096
0.54415
0.234459
0.177696
0.97627
0.696975
0.314895
0.240998
0.0675917
0.544735
0.128231
0.144711
0.723955
0.37742
0.682365
0.452233
0.178376
0.49338
0.417628
0.772113
0.844239
0.757402
0.337675
0.0605709
0.388444
0.654787
0.3514
0.849796
0.975155
0.9446
0.465671
0.109857
0.435926
0.892425
0.0809461
0.195923
0.540035
0.873095
0.169563
0.559073
0.0608597
0.601902
0.93299
0.373446
0.4415
0.835307
0.93942
0.588393
0.281052
0.631335
0.212323
0.0573692
0.331282
0.977926
0.454933
0.432101
0.639791
0.0874316
0.524318
0.860423
0.111493
0.808983
0.523251
0.231771
0.552572
0.260793
0.408996
0.114027
0.478168
0.986852
0.585222
0.336641
0.717713
0.729375
0.737809
0.717336
0.0218009
0.593056
0.0506339
0.863811
0.508217
0.535344
0.741033
0.517577
0.530225
0.647568
0.226078
0.730577
0.486258
0.0422699
0.0599983
0.148983
0.40081
0.0673829
0.666929
0.746558
0.912701
0.467662
0.381601
0.942304
0.418028
0.270565
0.813841
0.534651
0.336302
0.279895
0.169136
0.804611
0.0287766
0.132576
0.927536
0.351289
0.421858
0.459413
0.788761
0.802987
0.097925
0.970696
0.100323
0.412011
0.989005
0.94499
0.208739
0.207633
0.738331
0.895053
0.897241
0.819878
0.453258
0.357815
0.165191
0.523922
0.835047
0.214775
0.519453
0.688039
0.48528
0.320799
0.496446
0.336827
0.349386
0.595594
0.408446
0.183394
0.249598
0.485541
0.607732
0.14743
0.823111
0.839482
0.939694
0.830749
0.883355
0.28048
0.584209
0.603582
0.780461
0.999853
0.792033
0.991792
0.00644836
0.0428916
0.686722
0.338831
0.790053
0.789433
0.0654647
0.612766
0.183824
0.9554
0.391543
0.11428
0.858378
0.572508
0.031976
0.497888
0.77669
0.072663
0.99468
0.51335
0.25276
0.877557
0.620333
0.776064
0.0899625
0.992068
0.300455
0.134101
0.727385
0.229635
0.79796
0.474539
0.469002
0.307515
0.261099
0.584371
0.539218
0.836332
0.564909
0.801145
0.714132
0.589428
0.960846
0.90857
0.422544
0.875661
0.943232
0.551149
0.71323
0.886033
0.605398
0.154032
0.273087
0.931879
0.467617
0.781007
0.539798
0.18135
0.0954887
0.986434
0.943555
0.622832
0.724637
0.106178
0.60807
0.287167
0.301767
0.251398
0.572242
0.671236
0.747106
0.889427
0.571732
0.755506
0.35797
0.556703
0.337274
0.90468
0.690922
0.198513
0.227262
0.353803
0.0842551
0.465985
0.0460298
0.704274
0.411304
0.0959333
0.945152
0.242923
0.253986
0.254427
0.702995
0.323626
0.4279
0.945748
0.12407
0.247137
0.57247
0.237612
0.545658
0.954878
0.734138
0.810639
0.124902
0.674172
0.188851
0.0338007
0.813653
0.723212
0.154001
0.435445
0.91693
0.436877
0.115925
0.537898
0.337392
0.651417
0.90769
0.269604
0.204487
0.110326
0.338724
0.319648
0.0619845
0.952476
0.638177
0.708379
0.597126
0.895234
0.282666
0.530352
0.553059
0.445626
0.77989
0.0576942
0.718116
0.138222
0.393588
0.298484
0.617412
0.556012
0.504268
0.420832
0.354594
0.96039
0.0529175
0.761878
0.355006
0.0721159
0.929497
0.622465
0.455785
0.210949
0.142434
0.13065
0.116868
0.104563
0.563106
0.815445
0.856606
0.469627
0.0850963
0.979463
0.484005
0.982822
0.597019
0.8765
0.989412
0.193869
0.473738
0.467114
0.891753
0.252134
0.825189
0.800604
0.640713
0.893393
0.557006
0.705292
0.586943
0.857935
0.953271
0.586306
0.326192
0.891111
0.422179
0.0505649
0.411958
0.921914
0.149042
0.440819
0.088367
0.754695
0.944467
0.201416
0.000761854
0.689056
0.163895
0.847938
0.982688
0.37204
0.64218
0.256225
0.490092
0.684197
0.423469
0.111356
0.715045
0.784907
0.716147
0.913898
0.323813
0.960764
0.238539
0.989261
0.784661
0.628067
0.465715
0.733404
0.419638
0.643976
0.891578
0.497447
0.382286
0.273791
0.624462
0.755807
0.00292975
0.735024
0.769363
0.986473
0.394768
0.757269
0.62202
0.966187
0.00366835
0.928091
0.7523
0.284701
0.33118
0.884859
0.505975
0.834519
0.785956
0.597
0.699243
0.98071
0.16191
0.295008
0.191806
0.0524325
0.379231
0.205783
0.221802
0.662263
0.47506
0.956372
0.347093
0.292519
0.977795
0.333176
0.689444
0.182722
0.297015
0.716024
0.122927
0.0310303
0.213858
0.218434
0.559307
0.235964
0.30559
0.0763923
0.135325
0.512375
0.200272
0.650456
0.275312
0.211732
0.589395
0.689087
0.523444
0.100686
0.245905
0.960994
0.0671261
0.212256
0.257797
0.943426
0.248331
0.380464
0.573775
0.846379
0.771976
0.674841
0.415252
0.236764
0.984663
0.547772
0.847364
0.886547
0.740846
0.146475
0.89211
0.559987
0.311254
0.132918
0.962832
0.545927
0.035828
0.95614
0.925522
0.300075
0.875746
0.131798
0.475062
0.805846
0.0382271
0.949519
0.838156
0.93594
0.38421
0.552427
0.552077
0.506747
0.105848
0.845622
0.759043
0.339127
0.596416
0.351535
0.778497
0.340591
0.514178
0.276445
0.189631
0.485975
0.65308
0.602526
0.644394
0.0414208
0.211092
0.759515
0.995368
0.568759
0.136503
0.581447
0.777874
0.914235
0.519236
0.782231
0.761605
0.152838
0.511738
0.0760547
0.64939
0.146868
0.955023
0.431479
0.745695
0.835124
0.266297
0.191968
0.565932
0.507791
0.362011
0.744406
0.354001
0.278267
0.0393698
0.614781
0.885733
0.303265
0.428439
0.891177
0.0389012
0.636184
0.409819
0.173765
0.848484
0.964704
0.507362
0.120874
0.557774
0.665172
0.0046902
0.52915
0.0925935
0.683775
0.16503
0.101934
0.918325
0.282668
0.968657
0.0566053
0.591521
0.6064
0.862977
0.0411301
0.551749
0.933095
0.649483
0.25585
0.387971
0.0167242
0.390866
0.232121
0.741135
0.474417
0.515057
0.469577
0.528661
0.167353
0.142027
0.675155
0.621761
0.04699
0.554198
0.267321
0.0802648
0.738995
0.99259
0.884952
0.498537
0.079287
0.155138
0.501939
0.831854
0.188848
0.686054
0.827097
0.619428
0.93121
0.713157
0.849126
0.346575
0.883599
0.832589
0.623765
0.455359
0.48518
0.846023
0.847258
0.653777
0.0339106
0.0437722
0.795457
0.433359
0.545282
0.854469
0.0513098
0.410319
0.567253
0.569344
0.454196
0.901769
0.644842
0.936175
0.404926
0.948506
0.163025
0.638281
0.279042
0.0727575
0.0851907
0.767486
0.782913
0.726918
0.415162
0.593396
0.230856
0.466188
0.925463
0.922271
0.431012
0.999482
0.866645
0.283853
0.177192
0.0744534
0.0645366
0.186701
0.452386
0.435122
0.592467
0.518922
0.61947
0.0789871
0.540716
0.57382
0.103729
0.823515
0.473456
0.0558551
0.220667
0.90917
0.243779
0.641353
0.276013
0.0421487
0.127659
0.410046
0.371951
0.695094
0.0690996
0.63309
0.500606
0.609518
0.160588
0.880393
0.821928
0.0509247
0.0458763
0.105487
0.758978
0.552439
0.623936
0.180211
0.448413
0.995504
0.0927567
0.67203
0.989672
0.27226
0.682073
0.852286
0.429067
0.48627
0.746863
0.118623
0.278178
0.971414
0.959891
0.418679
0.710712
0.0806094
0.0871415
0.305579
0.0298181
0.463916
0.534007
0.343008
0.108219
0.973643
0.664587
0.695254
0.67229
0.99286
0.939974
0.577361
0.43931
0.0175643
0.974948
0.568651
0.0541374
0.0739222
0.814755
0.799202
0.236458
0.895065
0.739135
0.749077
0.456077
0.722587
0.262963
0.254959
0.4081
0.0901108
0.945133
0.305184
0.71933
0.310398
0.777738
0.38291
0.0306844
0.928948
0.248906
0.856242
0.4491
0.782914
0.0234792
0.452682
0.287058
0.936875
0.634363
0.093053
0.455865
0.647617
0.498898
0.674936
0.770574
0.493986
0.315666
0.0426311
0.352751
0.0181087
0.801905
0.216239
0.919233
0.774424
0.655965
0.677642
0.745758
0.533924
0.671143
0.737892
0.0932703
0.629101
0.0088591
0.0904587
0.916612
0.105374
0.122009
0.816175
0.165102
0.643394
0.471981
0.238455
0.88807
0.769845
0.734165
0.0515229
0.458098
0.265551
0.801768
0.738009
0.289161
0.256056
0.150494
0.707756
0.569632
0.145882
0.143017
0.0529207
0.119093
0.949781
0.907095
0.366156
0.806144
0.827454
0.0550114
0.160853
0.24936
0.504711
0.251835
0.524843
0.490144
0.543735
0.980971
0.0604687
0.80409
0.585787
0.432851
0.314037
0.796348
0.493507
0.30255
0.13548
0.0458325
0.418518
0.849536
0.972117
0.311718
0.167548
0.346992
0.508567
0.973215
0.530567
0.181895
0.50784
0.0332765
0.488
0.796978
0.41439
0.0958433
0.597151
0.679972
0.156638
0.639656
0.241137
0.719896
0.954127
0.112771
0.0364899
0.544344
0.196399
0.468557
0.884722
0.499219
0.800319
0.647472
0.851193
0.633501
0.487717
0.278117
0.330919
0.922101
0.370082
0.629437
0.313522
0.538315
0.118244
0.321594
0.70038
0.845538
0.13978
0.373867
0.37116
0.851814
0.789873
0.198192
0.746159
0.254491
0.0400685
0.249941
0.097995
0.372207
0.811319
0.46589
0.259523
0.893823
0.403423
0.860451
0.832295
0.49267
0.479862
0.966602
0.0813786
0.401826
0.158709
0.635372
0.521614
0.169107
0.748078
0.349972
0.509213
0.201596
0.978693
0.930562
0.0459941
0.525068
0.454465
0.534761
0.527032
0.193484
0.646122
0.0373019
0.778713
0.369789
0.00921715
0.756814
0.38073
0.0195261
0.162844
0.492293
0.897495
0.213817
0.880701
0.554034
0.279582
0.369811
0.61886
0.321804
0.317226
0.0123139
0.686092
0.0847478
0.309227
0.734796
0.053896
0.916942
0.592407
0.666906
0.749025
0.966959
0.0367801
0.681461
0.676394
0.126319
0.0881042
0.535447
0.814765
0.81297
0.167867
0.0147071
0.0316499
0.693964
0.603571
0.981919
0.751056
0.922113
0.13205
0.875442
0.930983
0.374351
0.252124
0.345045
0.595324
0.310502
0.259136
0.975225
0.531657
0.049341
0.330172
0.673555
0.378967
0.137502
0.18656
0.300842
0.314121
0.046205
0.139683
0.913435
0.757967
0.39304
0.926819
0.858254
0.953827
0.103758
0.483015
0.52222
0.849571
0.445482
0.918899
0.467074
0.0596888
0.264278
0.975179
0.83353
0.335981
0.77439
0.271189
0.157109
0.885772
0.27007
0.224202
0.71865
0.482591
0.0382176
0.437267
0.416868
0.654584
0.267008
0.756873
0.194165
0.392292
